	logFC	AveExpr	t	P.Value	adj.P.Val	B
PTPN6	-0.327938510638298	0.345986914893617	-14.0792313771944	7.90426089592174e-25	6.0704723680679e-22	46.0042366284803
CASP8	-0.202216808510638	0.467565212765957	-11.9262431516117	1.77287034696954e-20	6.80782213236302e-18	36.1093575871906
HOXA9	0.456259574468085	0.404552765957447	11.5825469572157	9.15398096108582e-20	2.34341912603797e-17	34.4866456206033
ERBB2	0.0357240425531915	0.0394460638297872	9.75118680047378	6.55120145943198e-16	1.25783068021094e-13	25.7124410132574
MOS	0.363533404255319	0.434505425531915	9.44699860766685	2.89431727189068e-15	4.44567132962408e-13	24.2444080669472
IRF5	0.181155319148936	0.234951063829787	9.30565678348198	5.77262514430432e-15	7.38896018470953e-13	23.5623743543892
HS3ST2	0.28502	0.332581063829787	8.55429056925244	2.25027428326025e-13	2.46887235649124e-11	19.9456035681062
HTR1B	0.251984255319149	0.340143191489362	8.50139015109389	2.90986560596526e-13	2.79347098172665e-11	19.6919605457147
IFNG	-0.208542978723404	0.598545744680851	-8.33051208199624	6.66766192542588e-13	5.68973817636341e-11	18.8739794375457
COMT	-0.102457446808511	0.239788085106383	-8.28480620303886	8.32044717314191e-13	6.39010342897298e-11	18.6555669875815
CPA4	-0.200431276595745	0.456475212765957	-8.21903137594944	1.14400993094388e-12	7.98726933604457e-11	18.3415587737515
SOX17	0.235296170212766	0.539543829787234	7.76866431420588	1.00183313462271e-11	6.41173206158536e-10	16.2029901037969
PTPRH	-0.189541489361702	0.588789468085106	-7.72326470432592	1.24533485746649e-11	7.35705515795586e-10	15.9886978785526
SOX1	0.238987659574468	0.179377021276596	7.56692934120867	2.62928986872607e-11	1.44235329941545e-09	15.2528791009774
MYOD1	0.232151914893617	0.203395106382979	7.50650502407666	3.50681793926942e-11	1.79549078490594e-09	14.9694084197439
DLK1	0.264169361702128	0.279172765957447	7.46035022252558	4.3682271185048e-11	2.0967490168823e-09	14.7532488974153
MUC1	-0.178701063829787	0.534496276595745	-7.14980465651685	1.89912016794726e-10	8.57955464107939e-09	13.3078835093804
DCC	0.197423617021277	0.472150319148936	7.07884961453923	2.65111778883753e-10	1.13114358990401e-08	12.9800371853004
HDAC1	-0.16114170212766	0.361640425531915	-7.04791381620968	3.06530725426847e-10	1.23902945856747e-08	12.8374002439536
NID1	-0.189802765957447	0.814449468085106	-7.02925225007167	3.34556107235473e-10	1.28469545178422e-08	12.751447007167
NOS3	-0.199204893617021	0.724915425531915	-7.00832436002352	3.69016251866041e-10	1.34954514968152e-08	12.6551372646905
PTK7	-0.0786502127659574	0.655967872340426	-6.99203879790165	3.98247778092007e-10	1.39024678897573e-08	12.5802519616505
STAT5A	0.224927234042553	0.36663829787234	6.93170257793383	5.27991703831807e-10	1.76303316757751e-08	12.3032798963773
IL16	-0.162158510638298	0.635914361702128	-6.82878276140574	8.52779630138665e-10	2.72889481644373e-08	11.8325899900579
CCR5	-0.109240212765957	0.578934361702128	-6.81808352810129	8.96250267229491e-10	2.753280820929e-08	11.7837897257447
HOXA11	0.207618510638298	0.271724787234043	6.60823444149995	2.36497842829339e-09	6.98578243434356e-08	10.831919112813
FGF2	0.216385106382979	0.309562340425532	6.47782558711842	4.30094444936372e-09	1.22337975448568e-07	10.245735046847
CLDN4	-0.14426914893617	0.706973085106383	-6.35770050925281	7.43465286668654e-09	2.03921907200545e-07	9.70966994501312
FRZB	0.254963617021277	0.299927978723404	6.33903635761005	8.09194058540049e-09	2.14296909296123e-07	9.6267289622566
DIO3	0.0955625531914893	0.791097021276596	6.32783654813044	8.51357662406452e-09	2.17947561576052e-07	9.57700456071502
AOC3	-0.138664680851064	0.474245957446809	-6.23445924813181	1.29861963902717e-08	3.21722542829956e-07	9.16380095873063
CALCA	0.21587170212766	0.421138829787234	6.15672328072524	1.8423411378336e-08	4.42161873080065e-07	8.82172545296825
PITX2	0.189479361702128	0.410308404255319	5.979538663221	4.06291943363813e-08	9.45552159101238e-07	8.0488516215297
TMPRSS4	-0.143027872340425	0.84199329787234	-5.94163225438026	4.80624058699849e-08	1.0856449325926e-06	7.88478688627616
GSTM1	0.20103170212766	0.489872659574468	5.92460403217087	5.18230463495238e-08	1.13714570275527e-06	7.81123782302292
CXCL9	-0.106798510638298	0.783797127659574	-5.77461161590236	1.00240137797676e-07	2.13845627301708e-06	7.16755700339377
SLC14A1	-0.0952327659574468	0.797613404255319	-5.75937876130684	1.07143999058003e-07	2.22396192639314e-06	7.10261564060301
RUNX3	-0.0927704255319148	0.855136914893617	-5.74273374505257	1.15222835551015e-07	2.27579845370303e-06	7.03174650229479
CDH13	0.20902	0.20562085106383	5.74204863120499	1.15567890227107e-07	2.27579845370303e-06	7.02883158825451
WT1	0.17853	0.150436914893617	5.61539356842063	2.00335463835785e-07	3.78074383129242e-06	6.49283790502489
CCL3	-0.11610829787234	0.726776063829787	-5.61366637564976	2.01836584743476e-07	3.78074383129242e-06	6.48556877991165
AIM2	-0.06989	0.852720744680851	-5.59286488243411	2.20806057512225e-07	4.03759648022354e-06	6.39810942526435
PECAM1	0.116377659574468	0.728457978723404	5.55855946253523	2.55980298366695e-07	4.42102943225062e-06	6.25422472998749
LTB4R	0.0777514893617021	0.785726170212766	5.5572865007637	2.57386184542289e-07	4.42102943225062e-06	6.24889412079902
PROM1	-0.0458414893617021	0.895336914893617	-5.55579354443744	2.59044693295935e-07	4.42102943225062e-06	6.24264304698636
HOXB2	0.106461914893617	0.803285	5.5255382894222	2.95006484077966e-07	4.92532564721474e-06	6.11614435590421
E2F5	-0.131516170212766	0.549947872340426	-5.51444112094591	3.09388527370162e-07	5.05554019192095e-06	6.06983366171613
GALR1	0.141470425531915	0.185702446808511	5.47641790523801	3.64077154861403e-07	5.81411924648944e-06	5.91151311857549
NEO1	-0.0822357446808511	0.177684680851064	-5.47029003662841	3.73735969914882e-07	5.81411924648944e-06	5.88605017122763
BAX	-0.102984255319149	0.697635531914894	-5.46731006331159	3.78523388443323e-07	5.81411924648944e-06	5.87367284279278
NOS2A	-0.0802410638297872	0.872949680851064	-5.42098583214007	4.61153160819033e-07	6.94442406880427e-06	5.68171094954112
ASCL2	0.189136170212766	0.261650425531915	5.41396489585924	4.75129978590605e-07	7.01730429918432e-06	5.65269066995538
HBII-52	-0.148514468085106	0.485986170212766	-5.38779084157866	5.30988765686637e-07	7.69432777447806e-06	5.54467541724326
SERPINB5	-0.0971640425531916	0.89785670212766	-5.34078775406545	6.47884559631634e-07	9.21435818142769e-06	5.35139152742711
BRCA1	-0.147962978723404	0.674610638297872	-5.30853514736947	7.42308989745996e-07	1.03653328022714e-05	5.2192820072559
PTK6	-0.116507872340426	0.332097978723404	-5.27357822126312	8.59870572214309e-07	1.17925107046534e-05	5.07657785080455
TRIM29	-0.110206170212766	0.808773085106383	-5.25458104116445	9.31206799858513e-07	1.25467863559884e-05	4.9992385034669
EMR3	-0.142833191489362	0.544156382978723	-5.2311545606507	1.02717925924485e-06	1.35069009576059e-05	4.90407496746146
SLC5A5	0.105610638297872	0.738975744680851	5.22873188739418	1.03763952669108e-06	1.35069009576059e-05	4.89424670153455
RARB	0.120109787234043	0.114930638297872	5.22102967535594	1.07159168749436e-06	1.37163735999278e-05	4.86301693801879
PLG	-0.0369565957446808	0.920057872340426	-5.20084810384704	1.16578886581146e-06	1.447041368702e-05	4.78130693087246
FOSL2	-0.0185489361702127	0.964315319148936	-5.20035591163556	1.16818443827505e-06	1.447041368702e-05	4.77931633258712
HOXA5	0.0863604255319149	0.839585531914894	5.17181958782011	1.31561500072979e-06	1.60379733422298e-05	4.66408236054237
GABRG3	-0.0720902127659575	0.897774893617021	-5.13165894111292	1.55430111239635e-06	1.86516133487562e-05	4.50250150092961
DDR2	0.0198710638297871	0.936392553191489	5.11544476747196	1.6622202245534e-06	1.94626228760363e-05	4.43746460449668
MFAP4	0.0858231914893617	0.354172659574468	5.11394431418488	1.67256915340937e-06	1.94626228760363e-05	4.43145192756465
ABCB1	0.216529361702128	0.16434829787234	5.10086185846541	1.76550763818174e-06	2.02374606884116e-05	4.37906924021241
PWCR1	-0.0201985106382979	0.966052234042553	-5.09219730165406	1.82981664101998e-06	2.06661644162256e-05	4.34441744634686
INS	-0.0829991489361702	0.825277021276596	-5.08176303192588	1.91029988839894e-06	2.12624683230491e-05	4.30273210158003
PRSS1	-0.0896810638297872	0.750188829787234	-5.07438445332921	1.96928847216832e-06	2.16059078089324e-05	4.27328346515308
WNT8B	-0.0854936170212765	0.784945319148936	-4.99280431668133	2.75226492600988e-06	2.97709783545857e-05	3.94931289563921
LEFTY2	0.10096170212766	0.526044042553191	4.98758563603079	2.81157282393125e-06	2.99901101219334e-05	3.92869088298907
AFF3	-0.0985574468085107	0.852561914893617	-4.95527319817149	3.20750903447791e-06	3.37447525819046e-05	3.80128342554021
AATK	-0.0932042553191489	0.904045744680851	-4.95111481084852	3.26225263385702e-06	3.38568922000296e-05	3.78492183509722
BCL3	-0.0574151063829787	0.406699468085106	-4.93498993729203	3.4832700092397e-06	3.56686848946145e-05	3.7215525224983
SFTPB	-0.0885091489361702	0.728257340425532	-4.92796129885507	3.58411225942282e-06	3.62183975689042e-05	3.69396833244778
GFI1	0.183050212765957	0.283262765957447	4.9160743134825	3.76116590108611e-06	3.75139663900537e-05	3.64736967716355
APOC2	-0.0719863829787233	0.781886595744681	-4.90566798474853	3.92313568012577e-06	3.85003408412543e-05	3.60662955549649
TEK	0.109548510638298	0.648054255319149	4.90333795427597	3.96032151882694e-06	3.85003408412543e-05	3.59751457770399
ITK	-0.0458704255319149	0.919197553191489	-4.88984636260961	4.18248131341076e-06	4.01518206087433e-05	3.54478614834812
EPHB3	-0.0339704255319149	0.121447553191489	-4.85351846111409	4.84271043919181e-06	4.59160693493742e-05	3.40323485236058
IL1RN	-0.107722978723404	0.803549787234043	-4.84000021468463	5.11342113852716e-06	4.78915540779129e-05	3.35072116635258
USP29	-0.0770227659574468	0.905009468085106	-4.83509131969716	5.21532293524885e-06	4.82574459550737e-05	3.33167341967023
FLT3	0.168969574468085	0.171938617021277	4.81043678074204	5.75773634121914e-06	5.21436923901704e-05	3.23618245154601
SPDEF	-0.107958085106383	0.335949042553191	-4.80985779624057	5.77111178797459e-06	5.21436923901704e-05	3.23394346747563
PTHR1	-0.0189385106382979	0.931202659574468	-4.79862270436995	6.03672214072277e-06	5.39093326055243e-05	3.19052843433926
MT1A	0.144535106382979	0.21588585106383	4.79212802577561	6.19564539988909e-06	5.4692593874883e-05	3.16545933331323
EPM2A	-0.0327012765957447	0.116817446808511	-4.78800511603085	6.29863468938425e-06	5.49699027437171e-05	3.14955574483224
PODXL	0.158466808510638	0.189595319148936	4.75944770712471	7.05908977643954e-06	6.03111885641871e-05	3.03962647135265
B3GALT5	-0.0998972340425533	0.768079468085106	-4.75914118559447	7.06771740986568e-06	6.03111885641871e-05	3.03844870450613
APOC1	-0.055493829787234	0.816382872340426	-4.7341206575434	7.8076087907553e-06	6.5295909740552e-05	2.94246640653109
TNFRSF1B	0.0400372340425532	0.130293936170213	4.7336602235019	7.82190585433696e-06	6.5295909740552e-05	2.94070300521223
TAL1	0.130439574468085	0.131209574468085	4.70274143902849	8.84242163840095e-06	7.30212883687305e-05	2.82252842338908
TWIST1	0.221800425531915	0.184159574468085	4.66172956087706	1.03973367466727e-05	8.49484534196238e-05	2.66651289139245
MYH11	0.173565957446809	0.180428936170213	4.64906548114112	1.09289296564539e-05	8.83517681700693e-05	2.61850775125661
EYA4	0.158741489361702	0.243718829787234	4.63779289590819	1.14242177862503e-05	9.13937422900025e-05	2.57584558992473
HLA-DOB	-0.0748634042553191	0.840610212765957	-4.63426391680084	1.15836973935884e-05	9.17142226626379e-05	2.56250309430162
HOXC6	0.142176808510638	0.205782659574468	4.61267723416695	1.26072633697898e-05	9.87997782448831e-05	2.48102546671424
RAP1A	-0.0638853191489362	0.349159468085106	-4.60651842783945	1.29150221130639e-05	0.000100189262452859	2.45782308610516
AGXT	-0.0313778723404256	0.933184042553192	-4.60104014674524	1.31948846014275e-05	0.000101336713738964	2.43720082422649
KLK11	-0.0818212765957447	0.757534468085106	-4.58802084789864	1.38837723536947e-05	0.000105571655125124	2.38825328273463
MYB	-0.0196206382978723	0.101787978723404	-4.57875764415	1.43950024353494e-05	0.00010838590068969	2.35348038956042
MKRN3	-0.0697704255319149	0.921170319148936	-4.57037592064164	1.4873266822962e-05	0.000110899698252765	2.32205467894096
RAD50	-0.103116382978723	0.664680531914894	-4.56247194337577	1.53383498357625e-05	0.000113267814171785	2.29245353386482
SFRP1	0.105102340425532	0.112276489361702	4.52768413609158	1.75582032960749e-05	0.000128425715537005	2.16255651379311
CFTR	0.0920151063829787	0.116542234042553	4.50613998378336	1.90856690519915e-05	0.000137236890715574	2.08242893764738
SFN	-0.0954604255319148	0.851180638297872	-4.50457380407254	1.9201589648725e-05	0.000137236890715574	2.0766134940003
WEE1	-0.0614819148936169	0.884093723404255	-4.50326560499732	1.92989377568775e-05	0.000137236890715574	2.07175696109986
SNURF	-0.0716244680851063	0.815177553191489	-4.47824904262658	2.1255050166478e-05	0.00014976035346656	1.97906027276224
GABRB3	0.0904068085106383	0.161828723404255	4.46030500778619	2.27748473378063e-05	0.00015900984323123	1.91277511997382
ZIM2	0.0700359574468085	0.683886276595745	4.44703744374138	2.39655879255769e-05	0.000165815959701289	1.86387547409513
CHD2	-0.0278817021276597	0.931347021276596	-4.42967852137153	2.56146847994207e-05	0.000175643552910313	1.80003920842454
THY1	0.117131063829787	0.168731489361702	4.42354152328533	2.62235251602256e-05	0.000177005408046701	1.7775096517261
MMP7	-0.0827827659574468	0.303428404255319	-4.42303655332026	2.62742402569322e-05	0.000177005408046701	1.77565676003607
SPARC	0.0675212765957447	0.228707234042553	4.38411508861534	3.04817152618094e-05	0.000203564846270171	1.63325783543781
S100A2	-0.0998693617021277	0.351237872340426	-4.34771576601949	3.50002168582002e-05	0.000231725573681877	1.50083498245083
IGF1R	0.0108146808510638	0.0379405319148936	4.33922552009088	3.61436101582741e-05	0.00023725036411585	1.47005183171747
DSP	-0.0571589361702127	0.241560106382979	-4.32654654555193	3.79184418953799e-05	0.000245125066709478	1.42415581039825
CHGA	0.128497234042553	0.222099680851064	4.32610585319212	3.79816184094113e-05	0.000245125066709478	1.42256217120115
PDGFRA	0.130254893617021	0.528214042553191	4.31291128636878	3.99208793456e-05	0.00025549362781184	1.37489773217132
TJP2	0.156242978723404	0.182658936170213	4.30724988477387	4.07819181184547e-05	0.000258847215826225	1.35447602597984
IL2	-0.068121489361702	0.824545425531915	-4.24385111170831	5.17323218074565e-05	0.000325659206132185	1.12701260259188
DBC1	0.133618936170213	0.334243510638298	4.23938463873367	5.2602348008724e-05	0.000328443929030082	1.11107324358533
SMAD2	0.00747574468085106	0.0390251063829787	4.19311617478057	6.24844261050073e-05	0.000387000316521335	0.946625719437947
SFTPA1	-0.0624678723404255	0.890081170212766	-4.17594701072247	6.658739026421e-05	0.000409112925783306	0.885915421110908
CD2	-0.103608936170213	0.77129829787234	-4.15922085599448	7.08328243311507e-05	0.000431742929256538	0.82693537014637
CSF1R	-0.0634236170212765	0.900786489361702	-4.14981309165736	7.33337855739414e-05	0.00044346730173848	0.793832839954183
EDNRB	-0.02435	0.944896489361702	-4.14117058242602	7.57059223149816e-05	0.00045423553388989	0.76346833657081
AGTR1	0.157123404255319	0.184412978723404	4.13244687482068	7.81750175889888e-05	0.000465414058204212	0.732862715265276
SCGB3A1	0.134871063829787	0.186814255319149	4.10373458153828	8.68595866323993e-05	0.000510831713997915	0.632445189751524
TFDP1	-0.041522340425532	0.798356489361702	-4.1028728092461	8.71340553824569e-05	0.000510831713997915	0.629438736903771
EPHB1	-0.0519925531914893	0.809391170212766	-4.05599338298391	0.000103385918407806	0.000601518070736326	0.466552704907438
IAPP	-0.0214210638297873	0.928783085106383	-4.04727865624395	0.00010671158260605	0.000616199213845464	0.436416648175122
IGSF4	0.0172102127659574	0.0445176595744681	4.04330862283806	0.000108260382908806	0.000618363712566609	0.42270306450204
TRAF4	-0.0532525531914893	0.323776914893617	-4.04219992361818	0.000108696746349599	0.000618363712566609	0.418874996448199
FGF3	0.0706157446808511	0.0679104255319149	4.03008899786725	0.000113574501973094	0.000641361893495118	0.377106845436708
TRPM5	-0.0541174468085106	0.882212978723404	-4.02287059387884	0.00011658080634312	0.000653533279354132	0.352253855747203
ATP10A	0.0835742553191489	0.176886063829787	4.01407273805659	0.000120348076517512	0.000667117982189411	0.322005159113715
MC2R	-0.0773951063829787	0.907799468085106	-4.01316944305439	0.000120741405630636	0.000667117982189411	0.31890209715329
TUSC3	0.0858919148936171	0.196320638297872	3.98896899287117	0.000131749475207047	0.000722739978278656	0.235950402535933
LCN2	-0.0744053191489362	0.866122872340426	-3.98571228243265	0.000133302252746281	0.000726071844745702	0.224814457101687
BLK	-0.0803259574468085	0.791653829787234	-3.98296058914379	0.000134627881579399	0.000728128260936468	0.215410374628081
PIK3R1	0.0189855319148937	0.89857085106383	3.97180070855461	0.000140134659236277	0.000752611316737487	0.177317951326585
EPO	0.101310638297872	0.128666808510638	3.96647351856977	0.000142838718988704	0.000761806501273086	0.159161184368432
SLC22A3	0.0969221276595744	0.161181276595745	3.93982494735834	0.000157131987516445	0.000832257699397448	0.068594526267578
OSM	-0.109375957446808	0.80729414893617	-3.92223210200436	0.000167306946932174	0.000880080378382943	0.00904290401838015
EPHA5	0.0606265957446809	0.089165	3.89216400205894	0.000186170705179605	0.000972646949509773	-0.0922952427187695
MMP3	-0.0484265957446808	0.886121170212766	-3.86595447800967	0.000204255474836539	0.00105901011728653	-0.180171077772528
GNG7	-0.00983127659574468	0.961923510638298	-3.86428984231568	0.000205458994108975	0.00105901011728653	-0.185737833271928
DNAJC15	0.0585348936170213	0.135633829787234	3.85482153225659	0.000212434269506716	0.00108766345987438	-0.217368106777107
GAS7	0.0873974468085106	0.128692553191489	3.84794416484826	0.000217641853070388	0.00110450629336057	-0.240307744210192
TIE1	0.0758840425531914	0.776833510638298	3.84600750024774	0.000219130141845543	0.00110450629336057	-0.246762184287998
RAN	-0.0968953191489362	0.67644829787234	-3.84483181491406	0.000220038363130426	0.00110450629336057	-0.250679313580519
FABP3	0.131034255319149	0.281663085106383	3.80941668092812	0.000249141869872611	0.00124247374066341	-0.368266763078485
PGR	-0.0498904255319149	0.845861595744681	-3.80041290237282	0.000257106101470733	0.00126867135301814	-0.398035230211526
IHH	0.0945112765957447	0.145615	3.79715275302093	0.000260049206380648	0.00126867135301814	-0.40880131275425
KRT5	-0.0613055319148935	0.908652978723404	-3.79654449428974	0.000260601853596727	0.00126867135301814	-0.410809235228484
MMP8	-0.0543572340425532	0.880608191489362	-3.79610407981267	0.000261002700230295	0.00126867135301814	-0.412262940405411
PENK	0.0835448936170213	0.30775585106383	3.79270776112887	0.000264113674099103	0.00127571887866736	-0.423469252171908
IL12B	-0.0335672340425532	0.905389787234043	-3.75125975629044	0.00030503969379742	0.00146419053022762	-0.559635956176019
ELL	-0.0868031914893617	0.404277765957447	-3.74537517916558	0.000311317762024943	0.00148504373437985	-0.578879004805759
PLA2G2A	-0.0668663829787234	0.778321063829787	-3.73765432410309	0.000319741486492514	0.00151581149152007	-0.604093042293254
FRK	-0.100182765957447	0.687407340425532	-3.73148983447004	0.000326622332856532	0.00153893221861237	-0.624196872255295
CD1A	-0.0225287234042553	0.949974787234043	-3.71991518961405	0.0003399241359791	0.00159183985629237	-0.661878190913135
EGR4	-0.0501402127659574	0.388515638297872	-3.70946960081487	0.000352369034173752	0.00164011768633601	-0.695809445437789
NBL1	-0.0829217021276595	0.763141489361702	-3.70128503746161	0.000362421407793605	0.00167674482641861	-0.722346579559845
RASGRF1	0.0148678723404255	0.0450656382978723	3.69733250383234	0.000367372946272992	0.00168947558525543	-0.735146451640017
CCNA1	0.143183829787234	0.177002553191489	3.68839407829259	0.000378808591676261	0.00173169641909148	-0.764055126456443
LTA	-0.0866855319148936	0.818436382978723	-3.67163320385217	0.000401169289779745	0.00182306517485706	-0.818122698699725
CREBBP	-0.0733934042553191	0.844699042553192	-3.66096406831189	0.000416049577983467	0.00187956515230178	-0.85244369921974
HSPA2	-0.027813829787234	0.885875	-3.64588977872539	0.000437968797595013	0.0019555998832181	-0.900808080057196
TMEFF2	0.108510638297872	0.163587659574468	3.64588703137123	0.000437972890512388	0.0019555998832181	-0.90081688105502
IGFBP2	0.0851672340425532	0.126724680851064	3.64090312908546	0.0004454577677974	0.00197752350097343	-0.916774353946823
JAG1	-0.0305436170212766	0.132614787234043	-3.63457595591305	0.000455134812314867	0.00200887089573459	-0.937009128994601
JAK3	0.0981568085106383	0.148421595744681	3.6321043385797	0.000458968873665708	0.00201421768557294	-0.944906372049703
NTRK3	0.0755797872340425	0.0718809574468085	3.61765250715963	0.000482007185167363	0.00210330408073031	-0.991001629377984
KIAA0125	-0.0445661702127659	0.880412446808511	-3.61485833602769	0.000486586115147103	0.00211128890640099	-0.999897908455715
TDG	-0.041098085106383	0.805812446808511	-3.5674365860549	0.000570870065835299	0.00246307983461522	-1.15009052502926
HDAC9	0.107370212765957	0.22136914893617	3.54984667723441	0.000605509334277577	0.0025979394900848	-1.20541838470235
HIC2	0.0587312765957447	0.0779424468085106	3.5443613998693	0.000616711669034796	0.00263130312121513	-1.2226294092389
MAGEL2	-0.0460736170212766	0.893364255319149	-3.54101997336192	0.000623631445216759	0.00264612679517387	-1.23310379139309
KDR	0.0537648936170212	0.0972398936170213	3.53121389395448	0.000644365091516335	0.0027190790674975	-1.26379946740953
GPATC3	-0.0727689361702128	0.790160425531915	-3.52258885921406	0.000663138409902252	0.00275799316253101	-1.29074445866351
WNT2	0.0942059574468085	0.163778510638298	3.52257549772049	0.000663167889480533	0.00275799316253101	-1.29078616152214
LCK	-0.0227668085106382	0.897991489361702	-3.52203549800383	0.000664360332120101	0.00275799316253101	-1.29247146566389
SEPT5.	0.108393617021277	0.348917659574468	3.5113980895323	0.000688267163249219	0.00284187731922258	-1.32562985171032
TFF1	-0.0701534042553191	0.806489893617021	-3.4879968626724	0.000743749506178732	0.00305454342644527	-1.39830444138653
PRSS8	-0.0746087234042553	0.833402659574468	-3.46616231659816	0.000799300377634445	0.00326522707459178	-1.46577674627407
AFP	-0.0251644680851065	0.904033510638298	-3.44551885285577	0.000855399454819807	0.00345286395406864	-1.52926793876956
CDKN1C	0.0769246808510638	0.14588914893617	3.44433770039267	0.000858718937589748	0.00345286395406864	-1.53289183900869
NGFB	0.0704657446808511	0.227252234042553	3.44433729750968	0.0008587200719103	0.00345286395406864	-1.53289307493227
FGF6	-0.0250078723404255	0.920002446808511	-3.44137492112522	0.000867098944579594	0.00346839577831837	-1.54197773009558
ETV1	0.0875876595744681	0.142244893617021	3.43187804488987	0.000894482387602894	0.00355939105533172	-1.57106080688887
WNT10B	0.119977659574468	0.515853085106383	3.42696076336318	0.000908978985450712	0.00359843227229972	-1.58609494575235
PARP1	-0.0650689361702128	0.793723617021277	-3.42260994289154	0.000921989790689896	0.00361912299010586	-1.59938324561093
OPCML	0.0854114893617021	0.13901085106383	3.42206544955625	0.000923630346433266	0.00361912299010586	-1.60104531830817
ZNF215	0.0736493617021277	0.123784042553191	3.41204926152813	0.000954303706823908	0.00372033120223737	-1.63158323485141
SERPINB2	-0.0142344680851062	0.942265744680851	-3.40702013497786	0.000970063887243849	0.00376267204749129	-1.64689009232614
MYLK	-0.0578244680851064	0.303016276595745	-3.40189139628355	0.000986388230146707	0.00380676462689785	-1.66248205009348
GUCY2D	0.0915008510638297	0.0995387234042553	3.39695977088535	0.00100232861024194	0.00384894186332904	-1.67745752063434
IL18BP	0.059172340425532	0.730172553191489	3.38261080175224	0.0010500975270537	0.00401231293919027	-1.72093358065499
VAV1	-0.117921489361702	0.535893936170213	-3.38068017591864	0.00105668572538109	0.0040134940606165	-1.7267722428485
TDGF1	-0.0528968085106383	0.799371808510638	-3.3794632303837	0.0010608584561265	0.0040134940606165	-1.73045123257914
DES	0.0766034042553191	0.157799361702128	3.36901029787211	0.00109734333788413	0.00412126565435762	-1.76200923097473
RASSF1	0.119242553191489	0.122566808510638	3.36824019321416	0.00110007742075952	0.00412126565435762	-1.76433119838595
RIPK1	0.0509434042553191	0.842013404255319	3.36336218137319	0.00111754492237411	0.00416638106982193	-1.7790294036489
HLA-DQA2	-0.050401914893617	0.671287978723404	-3.30454260359509	0.00134973305531033	0.00500770524868761	-1.95494423357451
CSF3	0.0462608510638298	0.851896808510638	3.28670866345562	0.001428617044069	0.00527489370117783	-2.00779761657187
TNF	-0.0130731914893617	0.946498723404255	-3.28406772138111	0.00144065923977902	0.00529390572320712	-2.01560518718884
PRKCDBP	0.0857929787234042	0.0997713829787234	3.26279150780547	0.00154120045960921	0.00563639025228511	-2.07832378786968
PDGFRB	0.0692172340425532	0.173159042553191	3.25295918002676	0.00158984863496992	0.00578674763818437	-2.10719843726083
IRAK3	0.0966474468085106	0.0944645744680851	3.24287158359327	0.00164124986608681	0.00594565989223899	-2.13675069115935
THBS2	0.0577261702127659	0.0746503191489362	3.23409329627934	0.00168723973956386	0.00608356863842745	-2.162407748314
PRDM2	-0.0297036170212766	0.908236276595745	-3.2321257437391	0.00169771176810561	0.00609272260703323	-2.16815087770293
NTRK2	0.107812553191489	0.113180106382979	3.22558611017259	0.0017329561498062	0.00617815753709579	-2.18721951053584
KCNK4	0.0900874468085106	0.350835638297872	3.22441225521661	0.00173935438568769	0.00617815753709579	-2.19063903982216
MEST	-0.0719889361702127	0.209311063829787	-3.22326092453151	0.00174565128326795	0.00617815753709579	-2.19399198878268
CCND1	-0.0140974468085106	0.0822817021276596	-3.21760902096223	0.00177687292222535	0.0062598091938948	-2.21043780327524
NGFR	0.0670374468085106	0.155009787234043	3.21070007335741	0.00181574699634733	0.0063675511104783	-2.23051000199538
TGFB2	0.0833876595744681	0.202516595744681	3.20625366836089	0.00184118371605962	0.00642740497242632	-2.24340965072584
MAPK4	-0.0539478723404255	0.804015212765957	-3.20143867858857	0.00186910395349308	0.00649534767548725	-2.25736247479813
RET	0.0235289361702128	0.0821787234042553	3.19185745465129	0.00192584105969706	0.00666236907138443	-2.28507684947952
MMP14	0.107392553191489	0.538394361702128	3.17822225010238	0.00200935947590425	0.00692012590804693	-2.3244027078437
RUNX1T1	0.117227234042553	0.416525106382979	3.17539667194758	0.00202708390497134	0.00695000195990172	-2.33253515688297
NCL	-0.0419695744680851	0.912132872340426	-3.15788886585398	0.00214019796149963	0.00730520904191874	-2.38279553568093
BDNF	0.064733829787234	0.207607340425532	3.154026101575	0.00216593377126973	0.00736034131121748	-2.39385438855929
MMP9	-0.0479293617021276	0.881547234042553	-3.14710186816668	0.00221278955455035	0.0074864421933686	-2.41365071095298
ADCYAP1	0.0458159574468085	0.0750601063829787	3.14020203381684	0.00226041768587017	0.00761403852082583	-2.43334234026335
PI3	-0.13054	0.720136595744681	-3.13415281535351	0.00230295751068645	0.00769176619957567	-2.45057764478149
CYP1B1	0.102048936170213	0.276870212765957	3.13407300154557	0.00230352373164376	0.00769176619957567	-2.45080486902094
SFTPC	-0.0553008510638298	0.721119574468085	-3.11765034649413	0.00242282590475533	0.00805510950152421	-2.49745937170471
SEMA3B	0.048728085106383	0.17486	3.10994071033969	0.00248079223142891	0.00819016011862892	-2.51929288249461
RAD54B	-0.0368012765957447	0.154662553191489	-3.10862330031198	0.00249082546812626	0.00819016011862892	-2.52301937104444
SEMA3A	0.0826363829787234	0.186042021276596	3.10801912344332	0.00249543941114475	0.00819016011862892	-2.52472794595975
FGF12	0.101908723404255	0.221263085106383	3.09521511630295	0.0025951080325662	0.00848103391068442	-2.56087346929366
SRC	-0.0885948936170213	0.625133404255319	-3.09370850835308	0.00260707586392529	0.00848404348938401	-2.56511862898663
IGFBP7	0.0472365957446808	0.460545744680851	3.08784853252989	0.00265411411035102	0.00860067357278307	-2.58161426274976
PTCH2	-0.0484306382978723	0.654078723404255	-3.08242482088312	0.00269835159842467	0.0087072858302107	-2.59685914949237
PTPRO	0.0247270212765957	0.0369341489361702	3.0793009993663	0.00272414016271952	0.00875372236388532	-2.6056296362118
EGF	-0.0578074468085107	0.898920106382979	-3.06099570575714	0.00287991420803874	0.00921572546572396	-2.65687809661069
PCDH1	0.00638468085106383	0.0518827659574468	3.04983893520462	0.00297886680979601	0.00949282037312587	-2.68799078890713
PXN	0.0318002127659575	0.161310957446809	3.04811919977159	0.00299439706065779	0.00950287992803793	-2.69277832355273
RHOC	0.0133972340425532	0.0618252127659574	3.04570575390527	0.00301631852892891	0.00953305609142963	-2.69949333854529
MBD2	-0.0613468085106383	0.621777021276596	-3.04289926753817	0.00304199701424614	0.00957481027434849	-2.70729645049188
PAX6	0.0880723404255319	0.181079787234043	3.03825787136038	0.00308490932345901	0.00967024636904701	-2.72018839406311
FGF9	-0.0240955319148936	0.220210106382979	-3.03688281532613	0.00309772977042936	0.00967096123451118	-2.72400465551957
CEBPA	0.0376070212765957	0.107168404255319	3.02625695861031	0.00319847781828384	0.00987841776752095	-2.75344737271629
H19	-0.0618489361702127	0.789610638297872	-3.02596606097025	0.00320127813260092	0.00987841776752095	-2.75425221803363
RIPK3	-0.0804153191489362	0.317186170212766	-3.02581136198541	0.00320276826056343	0.00987841776752095	-2.75468020786995
PEG10	0.0735908510638297	0.246988829787234	3.02245446899811	0.0032352619096826	0.00990010591890366	-2.76396295799108
FGFR4	-0.0263944680851064	0.859107234042553	-3.02242160851263	0.00323558149172503	0.00990010591890366	-2.7640537846518
SPI1	-0.0474161702127659	0.528989787234043	-3.00939545403108	0.00336459353792682	0.0102539993536817	-2.79999429459945
BMP2	0.0231751063829787	0.0612415957446808	3.00117232190995	0.00344846949674236	0.0104680813181745	-2.82261704998217
MAS1	-0.0221542553191491	0.904699255319149	-2.99827558620474	0.00347847387952433	0.0105175903128925	-2.83057416036258
PLXDC2	0.0525742553191489	0.0819147872340426	2.99122385480799	0.00355252763216189	0.010699377339217	-2.84991826890025
EPS8	-0.0276234042553192	0.287645957446808	-2.98723619116122	0.00359504644183224	0.0107851393254967	-2.86084049863967
CCND2	0.0647593617021277	0.0821432978723404	2.98281375491705	0.00364275075956495	0.0108857298962875	-2.87293952068465
FANCA	-0.0684982978723404	0.86219829787234	-2.97618108796338	0.00371539386431679	0.0110597770844779	-2.89105762333516
TMEFF1	0.00538234042553192	0.0380796808510638	2.968157095952	0.00380506303094561	0.0112829668253522	-2.91293180685003
FGF1	-0.0531304255319149	0.78057329787234	-2.95612652742786	0.00394325535864742	0.0116477696747739	-2.9456368063744
GLI2	-0.027885744680851	0.935873723404255	-2.9330913949339	0.00422085801517528	0.0123935577978939	-3.00795045656766
APC	0.0925540425531915	0.35179170212766	2.93251654495941	0.00422801060292733	0.0123935577978939	-3.00950034340454
SERPINA5	-0.04564	0.760859361702128	-2.92454311972001	0.00432837892106513	0.0126395247580913	-3.03097193685823
HHIP	0.0526097872340425	0.162379361702128	2.92180832426127	0.0043633065521785	0.0126932554245193	-3.03832526208739
MMP10	-0.0667231914893617	0.51431670212766	-2.91810816037642	0.00441097673347811	0.0127835099294762	-3.04826516573559
CTSL	0.0662453191489362	0.396690744680851	2.91131027385151	0.0044998076654741	0.0129919258912936	-3.06649929314989
FLI1	0.0720876595744681	0.209683191489362	2.90592343034562	0.00457136620629599	0.0131490983012559	-3.0809233981899
RIPK2	-0.00875765957446809	0.0629424468085106	-2.90446922354468	0.00459086253036421	0.0131559045646258	-3.08481344644995
NTSR1	0.0360540425531915	0.0994921276595745	2.8891594020865	0.00480081237714513	0.0137064085711801	-3.12566913906585
SIN3B	-0.0428623404255319	0.907823936170213	-2.87567554942292	0.00499299590920215	0.0142022994750639	-3.16150270097306
TFAP2C	0.017401914893617	0.0580515957446808	2.87303020536159	0.00503151922737228	0.0142590655594904	-3.16851630086428
MAPK10	-0.0732459574468086	0.81374914893617	-2.86252271252772	0.00518724790120437	0.0146463470151653	-3.19632145776076
TESK2	0.00888042553191489	0.0308310638297872	2.85975599395739	0.00522898231412559	0.0147101040924852	-3.20362861650979
FES	0.0775546808510638	0.18611414893617	2.85766005667193	0.00526080331153524	0.0147311418286319	-3.20916023789505
FGFR2	-0.0115353191489362	0.079208085106383	-2.85674032474123	0.00527482292040856	0.0147311418286319	-3.2115865316101
GSTP1	0.0363636170212766	0.0997054255319149	2.85499873259259	0.00530146424623544	0.0147519005112638	-3.21617913519057
THBS1	0.0194410638297872	0.0476324468085106	2.85015130956166	0.00537626727709428	0.0149060406816188	-3.22894949189789
ZNFN1A1	-0.0338725531914894	0.842418829787234	-2.84377248404077	0.00547617774546881	0.0151284334838851	-3.24572652139543
CLK1	-0.0345827659574468	0.190436063829787	-2.83797935273172	0.00556838710649011	0.0153280333253921	-3.2609357556982
CTSD	-0.0637808510638297	0.583297659574468	-2.82965599848921	0.00570336338471332	0.0156435109980708	-3.28274217941425
LIG3	-0.0699834042553191	0.624712978723404	-2.80062124070848	0.00619801486219	0.0169397701571599	-3.3583882073124
IL17RB	0.0612527659574468	0.224005106382979	2.79728849373132	0.0062572367016309	0.0170409850597608	-3.3670291097028
CDKN1B	0.0710868085106383	0.0964851063829787	2.7931439293246	0.00633160617873189	0.0171825920327424	-3.37776271005322
EPHA7	0.0358753191489362	0.0932140425531915	2.75462894685627	0.00706236813017528	0.0190982349435726	-3.47686441226075
ETS1	-0.0354612765957447	0.262852553191489	-2.75263653609854	0.00710218625590202	0.0191385229632728	-3.48195928248356
BMP6	0.0684187234042553	0.130102553191489	2.75117687277909	0.00713148733496644	0.0191502876687211	-3.48568985723481
TNFRSF1A	0.0290455319148937	0.868457446808511	2.73677345674914	0.00742658769428967	0.0198263579823251	-3.52241161549081
GDF10	0.0457587234042553	0.319388936170213	2.73545129194908	0.00745422666546307	0.0198263579823251	-3.52577428398266
COL1A2	0.0956648936170212	0.128907553191489	2.73512908017401	0.00746097647660236	0.0198263579823251	-3.52659355733683
DSG1	-0.0162253191489362	0.891173936170213	-2.73391234329609	0.0074865153839509	0.0198263579823251	-3.52968655882782
ERCC6	-0.0306280851063829	0.626628936170213	-2.72866015000651	0.00759767370387419	0.0200515924555855	-3.54302443564084
NRG1	0.0327546808510638	0.0905935106382979	2.71589219471199	0.00787419339997916	0.0207077858675703	-3.5753573662804
EGFR	0.0106640425531915	0.0464179787234043	2.71471083256104	0.00790023601458084	0.0207077858675703	-3.57834245461774
IGF2	0.0712853191489362	0.226587978723404	2.7009468800165	0.00820948577528456	0.021395926363364	-3.61303977887941
FGF8	0.0259736170212766	0.0677097872340426	2.70012623167147	0.00822826734093227	0.021395926363364	-3.61510378046174
CCKBR	0.0111427659574468	0.0468745744680851	2.6993378765456	0.00824634661921322	0.021395926363364	-3.61708605715837
ACVR1C	-0.0191621276595745	0.112505957446809	-2.69796773563825	0.00827785388906983	0.0214053595515341	-3.6205300262226
MUSK	-0.0223225531914894	0.835557234042553	-2.69242372681188	0.0084064622974451	0.0216649766591874	-3.63445011821993
ONECUT2	0.0399844680851064	0.162152021276596	2.68754889629016	0.00852104472751351	0.0218868306044494	-3.64666978165596
XRCC1	-0.024035319148936	0.928223404255319	-2.67654398618427	0.00878494819184646	0.0224216970268616	-3.67418592389905
CAPG	-0.0635076595744681	0.320233404255319	-2.67643204465299	0.00878767031912152	0.0224216970268616	-3.67446532028738
TIMP3	-0.0132925531914893	0.944591170212766	-2.66803417778663	0.0089940813616614	0.022872365846874	-3.69539711049684
MMP2	0.0439631914893617	0.134042872340426	2.66403522148524	0.00909390948020415	0.0229741556248951	-3.7053447342998
MLLT4	-0.0511272340425532	0.122664468085106	-2.6640341404702	0.00909393660152098	0.0229741556248951	-3.70534742165368
EVI2A	-0.0340004255319148	0.879777021276596	-2.66129247229338	0.00916295816507489	0.0230726290845164	-3.7121600726582
SMO	0.0561246808510638	0.086181914893617	2.64111714414827	0.00968566058319234	0.0243091089146788	-3.76210751659845
FLT1	0.0247044680851064	0.0568115957446809	2.63464829060778	0.00985888664735106	0.0246531851049652	-3.77805305358155
SHH	0.0633859574468085	0.333415957446809	2.63360984514727	0.00988695444313708	0.0246531851049652	-3.78060965650149
TERT	0.0231146808510638	0.0630281914893617	2.62598253463165	0.0100953372231418	0.0250913235837311	-3.79936112616304
FASTK	-0.0222278723404255	0.138822446808511	-2.57956370927405	0.0114514547335418	0.0283700555979359	-3.9124673134576
CDH11	0.0333195744680851	0.0814342553191489	2.57228557763506	0.0116783879159519	0.0288392344676882	-3.93004322255773
NNAT	0.0123442553191489	0.914362765957447	2.57099918765781	0.0117189167104573	0.0288465642103565	-3.93314524032476
FGF5	0.0432682978723404	0.120776063829787	2.55650690048391	0.0121843451632008	0.029896412413221	-3.96799910719767
PADI4	-0.058967659574468	0.828064042553191	-2.54923140347904	0.0124242210186552	0.0303012679607853	-3.98543212722253
ABO	0.0489855319148936	0.160557659574468	2.5491101532691	0.0124282544370408	0.0303012679607853	-3.98572229246861
HIC1	-0.0683240425531916	0.778699255319149	-2.54784669973928	0.012470353695331	0.0303076950570069	-3.98874516358129
CCNE1	-0.0142582978723404	0.117610425531915	-2.5385234291475	0.0127850000664932	0.0309650902156323	-4.01101122690133
APBA1	0.021703829787234	0.0737187234042553	2.53745580228547	0.0128214826674102	0.0309650902156323	-4.01355642794639
SOX2	0.0566085106382979	0.11819085106383	2.53225437491031	0.0130005664314929	0.0312991693397697	-4.02594319545716
PROK2	0.0210142553191489	0.0502484042553192	2.5265347136334	0.0132000853259127	0.0316047383632008	-4.0395385400632
NOTCH4	0.0945125531914894	0.422277553191489	2.52625840775188	0.0132097929877441	0.0316047383632008	-4.04019462696378
PURA	0.0596170212765958	0.091278085106383	2.51272188828447	0.0136933061722996	0.0326598109948016	-4.07226040620584
SERPINE1	0.0435653191489362	0.246329680851064	2.50445319637536	0.0139964139941747	0.0331767477735507	-4.09177360397325
CSPG2	0.051165744680851	0.242026276595745	2.50445248124895	0.0139964404669667	0.0331767477735507	-4.09177528916354
DDR1	-0.0149825531914894	0.112727659574468	-2.4944826401016	0.0143699012645054	0.0339571820650466	-4.1152282814622
BCL2A1	-0.0206814893617022	0.955718617021277	-2.48119391898868	0.0148815613275537	0.0350584021458934	-4.14636136218478
NEFL	0.0980576595744681	0.345469893617021	2.47327759590463	0.0151940619050468	0.0356851362173576	-4.16483867000261
RAB32	0.0483553191489362	0.106874042553191	2.47208224343083	0.0152417558222698	0.0356880136326317	-4.16762421879101
HPSE	-0.0158789361702128	0.104876063829787	-2.47031777553194	0.015312401913353	0.0357444518828424	-4.17173382924105
ABCB4	-0.00780808510638291	0.94795170212766	-2.46519444319656	0.0155191936817894	0.0361173962048918	-4.18365196735913
TNFSF8	-0.0543693617021276	0.803944042553192	-2.46259256824692	0.015625165613372	0.0362370003321711	-4.18969626256768
CD9	0.00974595744680852	0.0725946808510638	2.46161975416052	0.0156649532685948	0.0362370003321711	-4.19195472365584
HDAC11	0.00407	0.0377343617021277	2.45167596912578	0.016076873018766	0.0370781936288657	-4.21499504076574
ID1	0.0109472340425532	0.0726936170212766	2.45012313752666	0.0161420649448955	0.0370820036228882	-4.21858564659358
CSF2	-0.0498123404255319	0.862145106382979	-2.44933857244148	0.0161750927261296	0.0370820036228882	-4.22039903309343
RBP1	0.049616170212766	0.0595344680851064	2.44536848180889	0.0163431483920081	0.0373557677531613	-4.22956738569938
EPHB4	-0.0423857446808511	0.441726914893617	-2.44290999708787	0.0164479969750571	0.0374838625425633	-4.2352383478801
FANCE	0.0379770212765957	0.117328936170213	2.43031474873059	0.0169946276299712	0.0386150118929523	-4.26421297356966
HBII-13	-0.0160772340425532	0.896942446808511	-2.42841881420407	0.0170782986165707	0.0386906588127618	-4.26856304409663
MAD2L1	0.0179957446808511	0.772380425531915	2.42386598949145	0.0172807245228722	0.0390341071575466	-4.2789969267689
EPHB2	-0.00606276595744681	0.0426456382978723	-2.4125767082719	0.0177919167925892	0.0399745349050353	-4.30479455736808
TRIP6	-0.037511914893617	0.131780425531915	-2.41159631222939	0.0178369394308201	0.0399745349050353	-4.30702989164269
GJB2	0.0247995744680851	0.0964393617021277	2.41124254687644	0.0178532102505561	0.0399745349050353	-4.30783629117559
GABRA5	-0.0375051063829786	0.737247872340426	-2.38251939949829	0.0192191766740974	0.0429079293189152	-4.37296129335515
ROR1	0.00933489361702128	0.0579848936170213	2.37559172876755	0.0195622157808712	0.0435471933904611	-4.38856533521749
IPF1	0.0701797872340425	0.487010957446809	2.37130255607225	0.0197773176301609	0.043898785953652	-4.39820619926525
CARD15	-0.0685912765957447	0.342272872340426	-2.36251010178791	0.0202248292424641	0.0447627344617073	-4.4179209264031
EIF2AK2	-0.0114727659574468	0.0923659574468085	-2.35236892463854	0.0207521164242729	0.0457977741777058	-4.44057914984688
DAB2	0.0424182978723404	0.0636910638297872	2.34952039735537	0.0209023987133211	0.0459972556212911	-4.44692799622086
HGF	0.0768555319148936	0.344056489361702	2.3401774164873	0.021402100818678	0.0469623240821278	-4.4677038403308
IGFBP3	0.0209929787234043	0.0656479787234042	2.33658359719722	0.0215971105904011	0.0472552163345529	-4.47567577376334
SPP1	-0.0652517021276596	0.456014787234043	-2.3292820931105	0.0219981550453402	0.0479959746443785	-4.49183867124997
P2RX7	0.0423804255319149	0.16926914893617	2.32709251630338	0.0221196965858489	0.0481244390309688	-4.49667683496134
PDE1B	-0.0132002127659574	0.120428191489362	-2.32454553591769	0.0222618236597808	0.0482968377703718	-4.50229963576102
ABL1	0.0194627659574468	0.110277978723404	2.30548248816412	0.0233514445926663	0.050518054780754	-4.54420971654257
CEACAM1	-0.0183587234042553	0.0920993617021277	-2.28686289012825	0.0244608581025233	0.0527694916369041	-4.58484767044923
CDK6	-0.00959021276595745	0.119443404255319	-2.28422955650508	0.0246214494063398	0.0529671516640588	-4.59057126428401
COL18A1	0.0323623404255319	0.109390106382979	2.27044676175967	0.0254772103669783	0.0546550211224562	-4.62043220201695
TNFSF10	-0.0394823404255319	0.112963085106383	-2.26691791051562	0.0257004748890734	0.0549804031053158	-4.6280515924738
MMP19	-0.0156187234042554	0.880910212765957	-2.25438576187388	0.0265073186825631	0.0564805521235286	-4.65502485655273
GAS1	0.0301136170212766	0.0501831914893617	2.25375053948751	0.0265488011934815	0.0564805521235286	-4.65638849455901
ZP3	0.0510768085106383	0.094943085106383	2.24972157579764	0.0268132375052517	0.0568855425525782	-4.66502948823215
RYK	0.0109387234042553	0.06676	2.24558632832209	0.0270870499961637	0.0573081388348588	-4.67388401352668
MPO	-0.0285612765957445	0.83604085106383	-2.24028002602924	0.0274419932773602	0.0578995902115731	-4.68522463100635
UGT1A1	-0.00903787234042563	0.966297234042553	-2.23879969135266	0.0275417387318832	0.0579508365646201	-4.68838410377844
ZMYND10	-0.0360457446808511	0.135459893617021	-2.23534695990137	0.0277756206839851	0.0582832696319688	-4.69574597008921
EFNA1	0.00547978723404255	0.0381356382978723	2.23150303575992	0.0280380466522549	0.0586736235120757	-4.70392992984264
SEZ6L	0.0432425531914894	0.0722540425531915	2.22486394637103	0.0284964159013036	0.0594707810114162	-4.71803517284527
ZIM3	-0.016456170212766	0.958165106382979	-2.22233916704259	0.0286724428711037	0.0596473190229514	-4.72338934244459
NOTCH1	0.00577425531914893	0.045246914893617	2.22142605628775	0.0287363385917865	0.0596473190229514	-4.72532438376404
SLC5A8	0.0419493617021277	0.331198936170213	2.17518362060983	0.0321393624238685	0.0665310790876846	-4.82238325246344
TNFRSF10C	0.0539242553191489	0.104497872340426	2.17391892731351	0.0322371667044178	0.0665541506155722	-4.82501186026478
MALT1	-0.0120491489361702	0.0960975531914894	-2.16099760008696	0.0332513698371046	0.0684052107430654	-4.85178909497602
HLA-DRA	0.0307082978723404	0.0882458510638298	2.16009353364918	0.0333233579176122	0.0684052107430654	-4.85365721612617
RARRES1	0.0588174468085107	0.0924385106382979	2.1591205901543	0.0334009818081374	0.0684052107430654	-4.85566687190424
FGR	-0.0148953191489363	0.949137234042553	-2.149919985096	0.0341428338057088	0.0697385541563414	-4.87463061056873
TGFB3	-0.0587474468085106	0.78396414893617	-2.14697753121954	0.0343830869447026	0.0699087278866158	-4.88067995250105
JAK2	0.00963510638297872	0.0827596808510638	2.14667097086484	0.0344082020066937	0.0699087278866158	-4.88130977338294
TGFB1	-0.00724212765957439	0.941346595744681	-2.14209579164735	0.0347849218922713	0.0704543919779111	-4.89069969087367
ASCL1	0.0182353191489362	0.0583059574468085	2.14080444227445	0.0348918970352357	0.0704543919779111	-4.89334672173817
SEMA3F	0.0221770212765957	0.152612553191489	2.14008061468605	0.0349519835202918	0.0704543919779111	-4.89482980394135
WRN	-0.0144591489361702	0.11318829787234	-2.13875851808122	0.035061965346779	0.0704910716919535	-4.89753753289607
PPARD	-0.0238204255319149	0.118923404255319	-2.12583313865376	0.0361531013540608	0.072494991749135	-4.92392953268274
COL6A1	0.00338531914893617	0.0236541489361702	2.09633047545766	0.0387543804924066	0.0775087609848131	-4.98362600851998
HLA-F	0.0394427659574468	0.0411041489361702	2.08904073894449	0.0394214875213747	0.0786381880945863	-4.99825937964376
APBA2	-0.0235972340425532	0.920844787234043	-2.08622481005684	0.0396818218883823	0.0789524331872476	-5.00389963500666
NOTCH3	0.0409993617021277	0.121743085106383	2.08396340734698	0.0398919620201843	0.0790791092441107	-5.00842416926733
CSK	-0.0219534042553191	0.181223085106383	-2.08332536682609	0.0399514249827018	0.0790791092441107	-5.00969992986048
ESR1	0.0339040425531915	0.143156276595745	2.07660103714521	0.0405827668764785	0.0801222749643586	-5.02312357366581
ARHGAP9	-0.0239717021276595	0.888953085106383	-2.07511702700624	0.0407232512675198	0.0801934794191159	-5.02608074697145
PTPNS1	0.0116046808510638	0.0272970212765957	2.0641929307295	0.041770331225835	0.0820450495689036	-5.04778977502695
TES	-0.0304527659574468	0.244511063829787	-2.03463458070631	0.0447203170769086	0.0876153150894537	-5.10600531015657
ROR2	0.0277327659574468	0.114236170212766	2.03183272069352	0.0450089975617069	0.0879565143190608	-5.11148378161618
TFPI2	0.0250717021276596	0.0794722340425532	2.02609413896259	0.0456052401987853	0.0888954935854495	-5.1226828560393
THPO	-0.0319827659574468	0.898498191489362	-2.02174160788728	0.0460619692842951	0.0895584617983257	-5.13115766111784
PDGFA	-0.0187948936170213	0.217608936170213	-2.01847883439697	0.0464069073336523	0.0900012748289014	-5.13749965673665
CYP2E1	-0.0382729787234042	0.852846914893617	-2.0149398498338	0.0467835418824447	0.090503174220951	-5.14436792798351
CDH17	-0.0202478723404255	0.908006063829787	-2.00179785374899	0.0482051276855713	0.0929850329799509	-5.16977651777331
DMP1	0.00856744680851061	0.90729329787234	2.00085399554398	0.0483086304153651	0.0929850329799509	-5.17159549439382
PLSCR3	-0.0335068085106383	0.365549574468085	-1.98312889752364	0.0502878592903183	0.0965526898374111	-5.20560853791925
SLC22A2	-0.00919340425531924	0.957149680851064	-1.97765919524087	0.0509123958159897	0.0972505873695321	-5.21604832591998
ABCC2	-0.0288546808510638	0.830992234042553	-1.97727605594823	0.0509563893762284	0.0972505873695321	-5.21677861442989
EPHA1	-0.0252170212765957	0.0613995744680851	-1.97662489281813	0.0510312326952102	0.0972505873695321	-5.21801947550912
LRP2	0.0288727659574468	0.0618078723404255	1.97345365570383	0.0513970663344676	0.0977053142199781	-5.22405723646047
CD40	0.0482474468085106	0.104606489361702	1.96808930117057	0.0520209756081509	0.0986471833754566	-5.23425020725249
MGMT	0.0201240425531915	0.111294574468085	1.96205786776882	0.0527301465178641	0.0997456958761566	-5.2456802295376
GNMT	0.0327159574468085	0.081861170212766	1.95736806573046	0.0532872282968147	0.100551821454432	-5.2545454430984
EXT1	-0.0143176595744681	0.137518191489362	-1.95380536552096	0.0537137579881705	0.101108250330674	-5.26126701982134
CREB1	-0.0242206382978723	0.131043936170213	-1.95164416299373	0.0539739078324157	0.101349538423705	-5.26533896161723
CAV2	0.00672787234042553	0.0482843617021277	1.94634571829627	0.054616220641336	0.10230550598182	-5.27530424239039
SLIT2	0.041758085106383	0.449488404255319	1.94244643384766	0.0550930456320584	0.102947588918299	-5.28262204265454
FER	-0.0373640425531915	0.34213414893617	-1.93420733684774	0.0561121709582286	0.104597444893009	-5.29803987773028
PYCARD	0.042571914893617	0.0606893617021277	1.92830782109363	0.056851665946365	0.105719320694451	-5.30904250367787
IL13	-0.00875765957446813	0.944264787234043	-1.91852103453752	0.0580965916325492	0.107773387376323	-5.32722647204729
TIAM1	0.0342406382978723	0.0803432978723404	1.91232111885597	0.0588970992894947	0.10899511386586	-5.33870176625049
FAT	0.0326525531914894	0.215971808510638	1.90163154475164	0.060299142731455	0.111321494273455	-5.35840623211513
DLC1	-0.0578244680851064	0.607221382978723	-1.89700192521158	0.0609150310766541	0.112188834213118	-5.36690846502358
POMC	0.0205634042553191	0.0822410638297872	1.89477564364953	0.0612130784972372	0.112468048530809	-5.37099017216466
FGF7	-0.0130212765957447	0.90764170212766	-1.89054244166642	0.0617831915965055	0.113244608940611	-5.37873916670479
MLLT6	-0.0099963829787234	0.082333085106383	-1.88481704936153	0.0625613661647536	0.114397926701264	-5.3891941250372
ITGB1	-0.0147259574468085	0.196674893617021	-1.87896407613363	0.0633653780329653	0.115513502931846	-5.39985168895035
ST6GAL1	-0.0306806382978723	0.173412021276596	-1.8781906857179	0.0634722633297383	0.115513502931846	-5.40125764287701
ERG	-0.0664665957446809	0.353317978723404	-1.87482233406737	0.063939548202137	0.116088825104589	-5.4073747451665
IL11	0.01901	0.0780713829787234	1.8716777335909	0.0643783945886372	0.116609922273758	-5.41307631564409
MAP3K1	-0.0315770212765957	0.203717234042553	-1.86381251942203	0.0654871009163433	0.118339043538239	-5.42729810366975
ERBB3	0.0106165957446808	0.10733	1.85001184750349	0.0674711401973172	0.121638111905023	-5.45211796854068
PHLDA2	-0.00827148936170212	0.102467659574468	-1.82621647894276	0.0710100142148904	0.127718245707344	-5.49451014044037
ACVR1	0.0504085106382978	0.746335957446808	1.82152772931351	0.0717252626962402	0.128703275118487	-5.50280307389964
ERBB4	0.0188446808510638	0.04204	1.81857532753542	0.0721787085845952	0.129215030752842	-5.50801476632209
APOA1	0.0276987234042553	0.809804680851064	1.81746763028956	0.0723494489692402	0.129219480949713	-5.5099680849043
NKX3-1	0.0191108510638298	0.0676622340425532	1.81587521401606	0.0725954925481794	0.12935809345012	-5.5127742172346
COL4A3	0.0130885106382979	0.0381553191489362	1.81257113818405	0.0731082243649494	0.129821301904542	-5.51858930150833
WNT1	0.0413702127659575	0.131080638297872	1.81140476143524	0.0732899420470375	0.129821301904542	-5.52063973684172
DNMT2	0.0195093617021277	0.846771063829787	1.81093933533838	0.073362558628348	0.129821301904542	-5.5214575907081
SMAD4	0.00293212765957447	0.0284898936170213	1.80861798896148	0.073725632520143	0.130133934497282	-5.5255337718087
MLLT3	0.00269531914893617	0.0268976595744681	1.80764588365928	0.0738781190635612	0.130133934497282	-5.52723929805936
SH3BP2	0.0280382978723404	0.250171489361702	1.80218982343299	0.0747388376034801	0.131348803843187	-5.53679591132382
KRT1	-0.0307508510638298	0.76238414893617	-1.79919431182669	0.075214921818973	0.131784095087846	-5.54203127366543
MMP1	-0.0104255319148935	0.965581063829787	-1.79847441774546	0.0753297106035992	0.131784095087846	-5.54328824766292
FYN	-0.00887446808510638	0.064383829787234	-1.79578110047416	0.0757604558333895	0.132236432000098	-5.54798676368436
MSH3	-0.021516595744681	0.893717234042553	-1.77334400455532	0.0794287846155854	0.138210956038397	-5.58687297031396
DIRAS3	-0.0162108510638298	0.895830106382979	-1.77265758197441	0.0795432845950152	0.138210956038397	-5.58805542422189
MAPK12	0.0288572340425532	0.0700641489361702	1.77057900555521	0.0798908371790292	0.138501496509017	-5.59163343830498
FN1	0.0293921276595745	0.0764705319148936	1.76675837843179	0.0805329436350951	0.139285210464033	-5.59819994313262
ODC1	0.00648191489361702	0.0313292553191489	1.76573520081531	0.080705623250644	0.139285210464033	-5.59995622530048
ALPL	0.0323970212765958	0.0455017021276596	1.76381521220556	0.0810304803792733	0.139532307020811	-5.60324931401713
COL1A1	0.0506617021276596	0.356245957446809	1.75890054366987	0.0818669462664657	0.140657303652451	-5.61166349271223
COPG2	0.00352936170212766	0.0290304255319149	1.7554299939678	0.082461903341259	0.140892737128234	-5.61759202991657
IMPACT	0.0205317021276596	0.0470881914893617	1.75493202328908	0.0825475620301987	0.140892737128234	-5.6184417852763
LOX	0.0410217021276596	0.207303191489362	1.75479059991095	0.0825719024056014	0.140892737128234	-5.61868307416096
APP	0.00366617021276596	0.0466607446808511	1.75382765380702	0.0827377922458768	0.140892737128234	-5.62032551669432
PLAGL1	-0.0274423404255319	0.824907553191489	-1.74925038711708	0.083530089816161	0.141927232254008	-5.62812116172994
IL6	0.0445023404255319	0.251047765957447	1.74607996023214	0.0840825234531972	0.142550503337871	-5.63350960580513
LIF	0.0233489361702128	0.0499240425531915	1.74257110963296	0.0846974255191946	0.143276702199871	-5.63946256115502
ABCC5	0.00424127659574468	0.0404476595744681	1.73083840601464	0.086780395543423	0.146477678631536	-5.65928624271883
BCL2L2	0.0106127659574468	0.0847929787234043	1.72962723557256	0.0869977939585913	0.146522600351312	-5.66132549906112
PALM2-AKAP2	0.0105036170212766	0.101615212765957	1.71796316659579	0.0891143758361847	0.149758951077002	-5.68089583884261
ERN1	0.0534608510638298	0.352767446808511	1.70350976166111	0.0917953947762525	0.15392764888245	-5.70497376720741
DLL1	0.0240270212765957	0.0471518085106383	1.69302435283672	0.0937813053169653	0.156915125236229	-5.72232179307383
MAPK14	-0.0221612765957447	0.174444255319149	-1.6745629723	0.097362847576741	0.162460912001021	-5.75262116187637
IL4	-0.0131382978723405	0.856901276595745	-1.67328791829643	0.0976142576213281	0.162460912001021	-5.7547022764426
EPHA2	0.0459044680851064	0.480418404255319	1.67269982826221	0.0977303923756143	0.162460912001021	-5.75566164089997
C4B	-0.0359751063829787	0.505416063829787	-1.67109389898709	0.0980480993826991	0.16263702014236	-5.75827981190103
PTPRG	0.00667765957446809	0.0696135106382979	1.66313882193178	0.0996342648022314	0.164911886569211	-5.7712141682229
ERCC1	0.00286957446808511	0.0330009574468085	1.66130616844472	0.100002610402421	0.165165601696902	-5.7741856842966
CASP10	0.0276321276595745	0.0992418085106383	1.65249944088108	0.101788095438508	0.16775377102312	-5.78842208746459
PEG3	0.0275946808510638	0.392408829787234	1.63472923241716	0.10546933902581	0.173448506149512	-5.81693096573628
MCM6	-0.00950170212765957	0.0807940425531915	-1.63321340515972	0.105788261424166	0.173601249516581	-5.81934935285258
TYK2	-0.0291648936170213	0.208269042553191	-1.62867592909265	0.106747571123799	0.174536118979993	-5.82657588861726
NES	0.0413529787234042	0.219602659574468	1.62837015563873	0.106812468646611	0.174536118979993	-5.82706219075344
PTCH	0.00288382978723404	0.0429704255319149	1.62324342873783	0.107905306878436	0.175947506757195	-5.83520289113517
CD34	-0.0173942553191489	0.285112446808511	-1.60333295530408	0.112235071332669	0.182619777083666	-5.86658847460599
ENC1	0.0334025531914894	0.0898191489361702	1.60182576259535	0.112568417049372	0.182774935082278	-5.86894939917556
TGFA	-0.00415191489361702	0.0540102127659574	-1.59003654777839	0.115203275978942	0.18665847247221	-5.88734396080428
MME	0.0435893617021277	0.181593404255319	1.58573392485552	0.116177090246272	0.18784001117713	-5.89402523891539
TNFRSF10D	0.0365840425531915	0.100885425531915	1.58343361732018	0.116700409627143	0.188289736541273	-5.89759020957759
IL12A	0.0119087234042553	0.0434703191489362	1.57901065780077	0.117711916773898	0.189523589271182	-5.90443104510943
CDC25B	0.0369140425531915	0.0870789361702128	1.57234062814222	0.119250523073876	0.191599166779784	-5.91471304513462
TJP1	0.0146059574468085	0.0823153191489362	1.56294423358625	0.121445152858213	0.19446591912808	-5.92912776621122
ALOX12	-0.0520659574468085	0.669317234042553	-1.56253610003194	0.12154119945505	0.19446591912808	-5.92975201409768
TGFBI	0.0413744680851064	0.331321489361702	1.54566016236768	0.125565744136536	0.200196561205766	-5.95542857135087
FZD9	0.05027	0.413378404255319	1.54533548087803	0.125644195965077	0.200196561205766	-5.95591997479781
HPN	0.0407723404255319	0.485737872340426	1.54403424064073	0.125959000287237	0.200282633997098	-5.95788840988333
LYN	-0.0149004255319149	0.144462340425532	-1.5396736114108	0.12701850484961	0.201550024224174	-5.9644734122501
NQO1	0.00378127659574468	0.0469455319148936	1.53583600885676	0.127956748293844	0.20262017049417	-5.97025394942771
NRAS	0.00473936170212766	0.0466584042553191	1.53114512795346	0.129111035007623	0.204027314579948	-5.97730114533332
LAT	-0.0387965957446809	0.683129787234043	-1.53002664412342	0.129387470605994	0.204044306828344	-5.97897843804334
GRB10	0.00821106382978724	0.100803404255319	1.51515208645572	0.133108315221955	0.209481938709961	-6.00117365679148
RHOH	-0.0376742553191489	0.791609042553192	-1.51244798904435	0.133793694447803	0.209835375188733	-6.00518643757305
AXL	0.016436170212766	0.137153617021277	1.51211084507656	0.133879340940728	0.209835375188733	-6.00568626839549
CHI3L2	-0.0295882978723405	0.720053723404255	-1.50430583421321	0.135874160274186	0.212528218107078	-6.01722788132027
CHFR	0.0231210638297872	0.190324787234043	1.49222185380677	0.139008519440995	0.2169889083957	-6.0349847491079
ALK	0.0197785106382979	0.134177765957447	1.48651455300896	0.140508424523455	0.218885334754592	-6.04332391047946
XPC	-0.00761106382978719	0.884466382978723	-1.47708665990002	0.143013782295073	0.222337216199628	-6.05703262067809
CASP3	-0.00461531914893617	0.0579734042553191	-1.47234042466136	0.144288154897936	0.223865258508313	-6.06390243353321
BCAM	0.00617851063829787	0.041313085106383	1.46816427945301	0.145416756573004	0.225161429532393	-6.06992963199837
ELK3	0.0255114893617021	0.214040212765957	1.46405630672257	0.146533624433895	0.226434252646341	-6.07584249474419
SEMA3C	0.0139808510638298	0.108327446808511	1.4620501813179	0.147081463794461	0.226824426092662	-6.0787242875596
EPHB6	0.0214946808510638	0.13423329787234	1.45903014079568	0.147909185777619	0.22764379694832	-6.08305544925242
SEPT9.	0.0482627659574468	0.311590531914894	1.45636333115472	0.148643098229137	0.228315798879954	-6.08687291593841
UGT1A7	-0.00299106382978722	0.967642765957447	-1.45513552766317	0.148981941203929	0.228379502683867	-6.08862824075809
FGFR3	0.00289042553191489	0.0469473404255319	1.44617238883132	0.15147372160313	0.231361378234055	-6.10139949574064
HCK	0.0296248936170213	0.11130585106383	1.44597251481088	0.151529652671523	0.231361378234055	-6.10168342934994
LMO2	-0.027401914893617	0.886650744680851	-1.44368522228769	0.152170847989097	0.231879387411957	-6.10493000074836
PPARG	0.011913829787234	0.0485392553191489	1.43132675131323	0.155671652867868	0.236744216638658	-6.12238651862023
MTA1	-0.0138123404255319	0.132272340425532	-1.41923102202309	0.159157854227863	0.241567652266796	-6.13933283372809
GSTM2	0.0170631914893617	0.121510106382979	1.40664304951769	0.162849346597789	0.246683033899609	-6.15682253007358
ABCA1	0.006	0.0335410638297872	1.39207031515847	0.167204429628915	0.25278149991143	-6.17688331646819
HTR2A	-0.0100074468085106	0.889673085106383	-1.38755396897158	0.168572041120701	0.254073912342262	-6.18305983782579
GATA6	-0.00894319148936169	0.114457127659574	-1.38706388310013	0.168720957414783	0.254073912342262	-6.18372891752466
STK11	0.0223042553191489	0.38926	1.38403327426781	0.169644059567621	0.254964066042921	-6.18786135682574
SOD3	-0.0112206382978723	0.938718617021277	-1.37156831200649	0.173481291361973	0.260221937042959	-6.20476694063415
HLA-DPB1	-0.02617	0.318828617021277	-1.36847739236062	0.174442926075645	0.261154322078159	-6.20893627197304
JUNB	0.00562340425531914	0.0975068085106383	1.35649708519962	0.17820843031958	0.266272518454158	-6.22501106972202
TBX1	-0.0171163829787233	0.829177765957447	-1.35210535530629	0.179604076417053	0.267459149939304	-6.23086972732618
TSP50	0.019885744680851	0.811427978723404	1.35117273590227	0.17990151306392	0.267459149939304	-6.23211150959908
ICAM1	0.0280823404255319	0.109558191489362	1.3500746416387	0.18025220057195	0.267459149939304	-6.23357256554856
UBA52	0.00883595744680851	0.0990415957446809	1.3496260082642	0.180395624568437	0.267459149939304	-6.23416916058248
CD82	0.0177331914893617	0.16469085106383	1.34298538966318	0.182528654177172	0.269707181537479	-6.24297758927269
CSF1	0.0210942553191489	0.0672128723404255	1.34272017212338	0.182614237499335	0.269707181537479	-6.2433285184712
MYCL1	-0.00768893617021276	0.0852714893617021	-1.33221407038621	0.186028826988854	0.274192067679088	-6.25717628302355
LAMB1	-0.0103814893617021	0.182871595744681	-1.33118782601439	0.18636492100063	0.274192067679088	-6.25852333137974
PDGFB	-0.0232851063829787	0.333924680851064	-1.32691831358505	0.187768077214085	0.275728266348791	-6.26411676646584
MEG3	0.0317495744680851	0.480184574468085	1.32134429073636	0.189611859432033	0.277904404663744	-6.27139318554718
SGCE	0.0137140425531915	0.129144893617021	1.31662466163309	0.191183594913309	0.27967428741604	-6.27753120000422
GLI3	-0.00904702127659577	0.923820957446808	-1.30845540274491	0.193927120960524	0.283148343911944	-6.28810554233874
ZNF264	0.0192157446808511	0.0907312765957447	1.30228120987923	0.196020040785398	0.285661084104717	-6.29605536856502
CD81	0.0281425531914894	0.180798723404255	1.29648689247882	0.19799944565869	0.287999193685367	-6.30348309287978
DDB2	-0.0121793617021277	0.163206063829787	-1.2925903714151	0.199338871968262	0.289116898238956	-6.3084600712252
ESR2	0.0292689361702128	0.0867191489361702	1.29206269557851	0.199520776128446	0.289116898238956	-6.3091329541017
SHB	0.00469170212765957	0.0302347872340426	1.28816519186401	0.200868168852986	0.290309955411348	-6.31409477226307
IL1B	-0.00782255319148933	0.903387872340426	-1.28646290495185	0.201458772919343	0.290309955411348	-6.3162573746139
IGF2AS	0.015193829787234	0.31802414893617	1.28640716606592	0.201478133117511	0.290309955411348	-6.31632813919527
IL8	-0.0162317021276596	0.173857340425532	-1.28317451227565	0.202603314526377	0.291384542240182	-6.32042716672454
VIM	0.00295297872340426	0.0349507446808511	1.27510440032968	0.205432547312235	0.294901301562236	-6.33061667380789
BMPR2	0.00223744680851064	0.0290870212765957	1.26777340935922	0.20802785301429	0.298069759542863	-6.33981913874889
EFNB3	0.0142170212765957	0.55823170212766	1.26483971395591	0.209073175857819	0.299009681673752	-6.34348739597663
CSTB	-0.00651510638297872	0.0702790425531915	-1.26167203646398	0.210206206169495	0.30007131289623	-6.3474390021935
MYCN	0.0178193617021277	0.0833790425531915	1.25746208540676	0.211719021629469	0.301670145846813	-6.35267600116922
CYP1A1	0.00407085106382979	0.0571098936170213	1.24238484534166	0.217202501761887	0.308910224728017	-6.37129260484616
MLH3	0.0173287234042553	0.0468690425531915	1.23923671936027	0.218360437093075	0.309983023451907	-6.37515233971525
GRB7	0.0256772340425532	0.239229042553191	1.23618898458569	0.219485734407857	0.31100561628272	-6.37887996458545
CDK10	0.00429191489361702	0.0805808510638298	1.23381590630566	0.220364856869756	0.311676261650042	-6.38177627993392
OAT	-0.0160982978723404	0.308031489361702	-1.23243156004552	0.220878880819495	0.311829008215757	-6.38346337162874
PRKAR1A	-0.00400617021276596	0.0608979787234043	-1.2224142658931	0.224624464228474	0.316535024821043	-6.39561673204328
TNFRSF10A	-0.0176729787234043	0.14610414893617	-1.21403942100205	0.227791141102977	0.320409517155836	-6.40570368948866
INHA	0.0161893617021277	0.125325744680851	1.21243458747992	0.228401629828555	0.320413305654494	-6.40762893803151
ITGA2	0.00422340425531914	0.062113829787234	1.211339709713	0.22881880707179	0.320413305654494	-6.40894099911491
ITGA6	-0.0176210638297873	0.318998191489362	-1.21074549545633	0.229045448963955	0.320413305654494	-6.40965260273024
IGFBP5	-0.00681446808510639	0.0934514893617021	-1.20748297137476	0.230292715861573	0.321572374148524	-6.41355362283037
GADD45A	-0.0291448936170213	0.36905414893617	-1.19664785592765	0.234470183645525	0.326811435643853	-6.42643602629648
HSD17B12	0.0167195744680851	0.0541382978723404	1.19513165138788	0.235059077857185	0.327038717018692	-6.42822973744131
MLH1	0.0222463829787234	0.0509131914893617	1.19199498364781	0.236280736120239	0.328143951790856	-6.43193350001785
HOXB13	-0.0241440425531915	0.302044787234043	-1.18586305047895	0.23868214340426	0.330880660892548	-6.43914678873576
RASA1	0.00212297872340425	0.0363817021276596	1.17665635501786	0.24232048060866	0.335073399811995	-6.44990928012037
PTGS1	0.0211293617021277	0.149911489361702	1.17600550023719	0.242579180072226	0.335073399811995	-6.45066703874981
CTLA4	-0.0101744680851065	0.873754042553191	-1.17396607870916	0.243391079979217	0.335591291605096	-6.45303880266451
DAPK1	0.013743829787234	0.254309574468085	1.16888972665913	0.245420411445504	0.337782931881984	-6.45892503744724
BMP3	0.0156227659574468	0.169564361702128	1.16624553727027	0.246482221255423	0.338617774651722	-6.46198127082019
CTGF	0.0191170212765957	0.0661572340425532	1.16518554141687	0.246908794016881	0.338617774651722	-6.46320455844314
GPX1	0.00224744680851064	0.0359981914893617	1.16399164342947	0.24738988174915	0.338672779292953	-6.46458108211084
PPP2R1B	-0.00335127659574468	0.0437935106382979	-1.16119457743664	0.248519585195901	0.339613952723224	-6.46780063662525
PPAT	0.0191431914893617	0.509899680851064	1.14471894521512	0.255248319931352	0.348189537668345	-6.4866121173528
BCR	0.0282906382978723	0.604571276595745	1.13855223258984	0.257799644078535	0.351046323851622	-6.49358591127712
MYBL2	0.0121685106382979	0.0532914893617021	1.13128023001059	0.260831282177884	0.354545884447106	-6.50176257720389
IRF7	0.0142761702127659	0.251752765957447	1.12137836726778	0.264999442847107	0.359023646827522	-6.51281430575831
BMP4	0.0189059574468085	0.227865319148936	1.12123430723546	0.265060426759382	0.359023646827522	-6.51297439712061
FOLR1	-0.0156906382978722	0.901602553191489	-1.1142008379627	0.268049811377032	0.361841287260365	-6.52076621517533
HFE	0.0141002127659574	0.0401037234042553	1.11377089954948	0.268233305408398	0.361841287260365	-6.52124096142193
HLA-DPA1	-0.0194131914893617	0.809588085106383	-1.11301979585258	0.268554080388552	0.361841287260365	-6.52206991646716
MAP3K9	-0.0130410638297872	0.0931177659574468	-1.11183776746359	0.269059432975703	0.361887293389387	-6.52337335851556
LIG4	0.0184946808510638	0.0562022340425532	1.10833995605538	0.270558736293817	0.363267673904985	-6.52722255182457
EDN1	0.0168327659574468	0.0375565957446808	1.10403543524087	0.27241180234463	0.365117389529976	-6.5319432812998
VEGFB	-0.00392872340425532	0.0506213829787234	-1.08465606390333	0.280863678980449	0.375789730761298	-6.55297474913764
ITPR2	0.018911914893617	0.0972665957446809	1.07854128383048	0.283567663799692	0.378747766605501	-6.55953545805012
ETV6	-0.0101648936170213	0.119937978723404	-1.07402597985977	0.285575815559395	0.380767754079193	-6.5643568283689
LY6G6E	-0.021907659574468	0.788881914893617	-1.07222303202401	0.286380387184309	0.381178747586741	-6.5662764755424
XRCC2	-0.0126234042553192	0.926721276595745	-1.05453289800202	0.294357184357299	0.390691853229912	-6.58494468852055
LMO1	0.0159395744680851	0.162236808510638	1.05412028061086	0.294545029974113	0.390691853229912	-6.58537650137112
CPNE1	-0.00499531914893616	0.100224680851064	-1.039006527785	0.301481907817046	0.398821555242373	-6.60107961723623
SYK	0.00194617021276596	0.0421403191489362	1.03850784456049	0.301712660932055	0.398821555242373	-6.60159397140553
MCAM	0.0198751063829787	0.096736914893617	1.03682239733533	0.30249344325357	0.399166605530484	-6.60333059748729
WNT5A	-0.00535148936170213	0.0879957446808511	-1.03367931923814	0.303953117248099	0.400404792532659	-6.60656175281975
TFRC	0.0162944680851064	0.0827127659574468	1.03201556567416	0.304727700718178	0.400737798204727	-6.60826824862638
FLT4	0.00901000000000002	0.146584574468085	1.02543866530218	0.307802691756031	0.404089687638687	-6.61498780680628
IGSF4C	-0.0127846808510638	0.681183617021277	-1.01549250067661	0.312492472458036	0.409546448545686	-6.62506991790134
ASB4	-0.0124512765957447	0.893253936170213	-1.01153338419731	0.314372502334293	0.410270270922208	-6.62905640659207
LAMC1	0.00224893617021277	0.0330040425531915	1.01104702660397	0.314603974723691	0.410270270922208	-6.62954507615593
MST1R	0.0334297872340425	0.571673829787234	1.01095584760232	0.314647382256746	0.410270270922208	-6.62963666300019
RAF1	0.00621765957446809	0.111055	0.998503547989049	0.32061312699153	0.417189907404321	-6.64206873687269
GNAS	-0.0106602127659574	0.878295638297872	-0.997617075413074	0.321040670932231	0.417189907404321	-6.64294802018812
E2F3	0.00371595744680851	0.0565713829787234	0.986971375452559	0.326204621072436	0.42318437328316	-6.65344765975841
PLAUR	-0.00494106382978723	0.0691301063829787	-0.984307200667088	0.327505477891006	0.424155492445688	-6.65605802602111
ABL2	0.0161531914893617	0.335506595744681	0.979635819747192	0.329794656579093	0.426401172142666	-6.66061837706529
KIT	0.0170925531914894	0.103533085106383	0.976743774708976	0.331217148473035	0.427520621894607	-6.66343103296323
RIPK4	-0.00697404255319149	0.0824691489361702	-0.954035143415565	0.342526579019317	0.440759221561299	-6.68523304129553
CD44	0.0185044680851064	0.044213085106383	0.953846779183431	0.342621426135541	0.440759221561299	-6.68541178273103
LRRC32	-0.00358382978723416	0.948676382978723	-0.951803266400708	0.343651493300773	0.441345061630424	-6.68734867588671
NFKB1	-0.0162648936170213	0.109189893617021	-0.950111904339612	0.344505571310558	0.441703303449931	-6.68894871038439
FZD7	0.00742468085106382	0.0553802127659574	0.943712288571086	0.34774959316115	0.445119479246272	-6.69497750775819
NFKB2	-0.00602893617021277	0.0718459574468085	-0.942229723779895	0.348503925631885	0.445342786830761	-6.69636846468216
IL3	-0.0031748936170213	0.950771914893617	-0.938423377049751	0.350445438181271	0.446619789535818	-6.6999297908854
ADAMTS12	0.0226140425531915	0.40214170212766	0.937991200886579	0.350666319127732	0.446619789535818	-6.70033325301471
PTHLH	-0.0246129787234042	0.530732446808511	-0.935578324720607	0.351901163969857	0.447450486637169	-6.70258246486312
CASP2	0.00698127659574468	0.0810334042553191	0.927141414622062	0.356240909800318	0.452219865663875	-6.71040240305122
CDK2	-0.00289510638297872	0.0508558510638298	-0.922619000475949	0.358581185082997	0.453866880872522	-6.71456547550946
VAV2	-0.00575808510638298	0.0543305319148936	-0.92172170503365	0.359046686159746	0.453866880872522	-6.71538909759107
PTEN	0.00147531914893617	0.0329946808510638	0.921212006309097	0.359311280690747	0.453866880872522	-6.71585659654037
TFF2	-0.0162706382978724	0.843545106382979	-0.918251007494172	0.360850854317164	0.455063146331005	-6.71856742143278
FVT1	-0.00698744680851064	0.087506914893617	-0.91418746063971	0.362970533131991	0.456985851549785	-6.72227368851095
IGF2R	-0.00733446808510638	0.164156808510638	-0.911667885379729	0.364288795347816	0.457894917883998	-6.72456362613202
S100A12	-0.0123806382978724	0.806149468085106	-0.910356948918644	0.364975889165664	0.45800895895299	-6.72575262674074
CRK	-0.0212387234042553	0.30962829787234	-0.908180853105261	0.366118248712675	0.458693009806418	-6.72772260390642
ARNT	-0.00217531914893617	0.0319123404255319	-0.905479982798473	0.367539241771036	0.459723351270612	-6.73016120728193
PGF	0.00443659574468085	0.0513936170212766	0.903371435137886	0.368651022787258	0.460364204066039	-6.73206004509118
GP1BB	0.0257110638297872	0.270036595744681	0.90182499519826	0.369467769477487	0.460635141166737	-6.73344991574436
TP73	-0.00250851063829787	0.0633106382978723	-0.896242842718726	0.372425462798651	0.463570106044351	-6.73844743365631
MLF1	0.0121853191489361	0.358644574468085	0.893472698464134	0.373898738572862	0.464650859585692	-6.74091613036245
ITGB4	-0.00364574468085106	0.0624898936170213	-0.890299379516124	0.375590935254737	0.465125844750607	-6.74373489646131
TCF4	0.0133236170212766	0.100487978723404	0.889875647687065	0.375817256694727	0.465125844750607	-6.7441105388674
TYRO3	0.00850851063829788	0.163215531914894	0.889350525295822	0.376097851028811	0.465125844750607	-6.74457582105984
EVI1	0.0144102127659575	0.10804085106383	0.883201132917504	0.379393494818634	0.468447273345194	-6.75000436395973
ABCG2	0.00851574468085107	0.113976170212766	0.878683724197901	0.381825972915062	0.470146819651651	-6.75396863003219
DSC2	-0.0224189361702127	0.352039255319149	-0.878371801988827	0.381994290966966	0.470146819651651	-6.75424162044381
PSIP1	-0.00442595744680851	0.0872897872340426	-0.873893064234771	0.384416183410347	0.472370606174634	-6.75815084359446
DDIT3	0.0274948936170213	0.402416382978723	0.861512866399217	0.391160319779796	0.479889976982242	-6.76885448994183
MET	-0.0161627659574468	0.23983585106383	-0.860031141192439	0.391972356120327	0.480119249601932	-6.77012548722969
PLAT	0.0311978723404256	0.507089787234043	0.85702904323488	0.393620791559568	0.481370649550555	-6.77269403160711
TNK1	0.0237240425531915	0.409281170212766	0.852687744381839	0.396012105869625	0.483525114956871	-6.77639273688276
PTK2B	0.00173489361702128	0.0390251063829787	0.849154758395004	0.397964742715156	0.485137972071809	-6.77938912668161
NDN	0.00928702127659572	0.782465212765957	0.846392712388934	0.399495389360168	0.486232106226004	-6.78172313661903
OGG1	0.0258797872340426	0.411413936170213	0.844792534783967	0.400383805981091	0.486542346508668	-6.7830719080243
BMPR1A	0.0080721276595744	0.783752659574468	0.843268555108531	0.401231038325156	0.486801638915829	-6.78435411625636
MCM2	0.0114097872340426	0.0682587234042553	0.841181374492285	0.402393146472128	0.487441540205985	-6.78610647689444
MCC	0.0067131914893617	0.0826257446808511	0.81149167671873	0.419144998887104	0.506934423850859	-6.81057006116882
DCN	-0.00367893617021276	0.944257553191489	-0.799313471398114	0.426135174268203	0.514578323644623	-6.82035398521577
AHR	0.00142893617021276	0.0321912765957447	0.794074083402458	0.429163672429068	0.51742182170412	-6.82451839707913
DST	0.00711765957446809	0.0723909574468085	0.78741989788136	0.433028227595283	0.521262819425042	-6.8297683808405
GPX3	0.0069940425531915	0.170963829787234	0.784685769630773	0.434622040944888	0.521996397272012	-6.83191290303039
CDKN1A	-0.00255808510638298	0.0617460638297872	-0.783462641682559	0.435336155473841	0.521996397272012	-6.83286988425337
HLA-DOA	-0.0168221276595744	0.687245744680851	-0.782751469561225	0.435751684331032	0.521996397272012	-6.83342563142506
NPY	0.021851914893617	0.438209361702128	0.781717278976946	0.436356363344573	0.521996397272012	-6.83423291333529
KRT13	-0.010944255319149	0.849095957446809	-0.779603657065404	0.437593700219412	0.522662459982128	-6.83587951540235
VAMP8	-0.0116653191489362	0.568437978723404	-0.777065465798798	0.439082292153512	0.523626087537107	-6.83785106027981
YES1	-0.00356702127659575	0.0561998936170213	-0.772404383589366	0.441823595225495	0.526078327338264	-6.84145503597751
TGFBR3	0.00186702127659574	0.0424898936170213	0.76930496061485	0.443651944189183	0.527437605475685	-6.84383967796736
S100A4	0.021601914893617	0.275904574468085	0.76199114678856	0.447983725926198	0.53176429909014	-6.84942926893932
DAB2IP	0.0108268085106383	0.156083404255319	0.743518536734869	0.459032624192038	0.544038665709082	-6.86331214336553
HBEGF	-0.00267297872340426	0.0599320212765957	-0.735066130755407	0.464139501530743	0.549243662828368	-6.86955218930067
CTNNA1	0.00186702127659575	0.0372281914893617	0.732309650872251	0.465811869111299	0.55037463919612	-6.87157193112173
NTRK1	-0.0538663829787234	0.579930212765957	-0.728299274635617	0.468251043601926	0.551623971820948	-6.87449703818924
NPR2	0.0117648936170214	0.870648191489362	0.728209434886842	0.468305767743826	0.551623971820948	-6.87456238407243
ACTG2	0.00511085106382975	0.871034574468085	0.68412930952387	0.495586158693932	0.582863966120887	-6.90566259666376
ARHGDIB	0.0127846808510639	0.52594170212766	0.67647798643805	0.500407761196797	0.587634802139358	-6.91086519109617
CAV1	0.0110744680851064	0.133202978723404	0.674043296374436	0.501947304949853	0.588542794200744	-6.91250853180801
WNT2B	-0.00430170212765956	0.123499787234043	-0.666847527675423	0.506512300775779	0.592990010664326	-6.91733115362557
PMP22	-0.00345723404255316	0.924797978723404	-0.664333799870883	0.508112222113097	0.593957666031748	-6.9190037774933
FLJ20712	0.0166851063829788	0.588087021276596	0.65188631343987	0.516074248579161	0.602348059131908	-6.92719406056876
BCL6	-0.00534212765957447	0.0780923404255319	-0.644407724736046	0.520889354725176	0.606386768179394	-6.93204105565962
DNMT1	-0.00304702127659574	0.0632554255319149	-0.644060278563088	0.521113628904166	0.606386768179394	-6.93226489384616
NR2F6	-0.00216829787234042	0.0831522340425532	-0.639006878082893	0.524381266358884	0.609265979672652	-6.93550696278077
MAPK9	-0.00202255319148938	0.932160425531915	-0.62691839989568	0.532240994493995	0.617463872766447	-6.94315974843414
DKFZP564O0823	0.00915765957446808	0.0643692553191489	0.61627066085676	0.539213848362111	0.6234245960799	-6.94978040190191
PTGS2	0.00681574468085106	0.104028936170213	0.615441795339491	0.539758589969018	0.6234245960799	-6.95029106311829
TNC	-0.00776021276595745	0.130660106382979	-0.614374602025332	0.540460375824704	0.6234245960799	-6.95094755336282
CTNNB1	0.00617659574468086	0.0843634042553191	0.614122817312544	0.540626016913038	0.6234245960799	-6.95110227543886
BSG	0.0114251063829787	0.0504525531914894	0.604845664135349	0.546747081746874	0.629537869237779	-6.956759233118
IFNGR1	0.00140255319148937	0.0442768085106383	0.600702057309882	0.549492255913693	0.631751575661251	-6.95925829282591
CDH3	-0.0109112765957447	0.182287340425532	-0.598431016607372	0.550999763480892	0.632537845072235	-6.9606207534448
HDAC7A	-0.00500425531914897	0.933462978723404	-0.596371947593834	0.552368349448944	0.633162525935505	-6.96185161986285
NAT2	-0.00854276595744677	0.75665585106383	-0.591128227442629	0.555861291360231	0.636216798457015	-6.96496718722782
ERGIC3	0.00149787234042553	0.0504963829787234	0.586782212752273	0.558764532463895	0.638588037101594	-6.96752868416577
TK1	0.00548425531914894	0.16974085106383	0.578360597916948	0.564411587787247	0.643709813761807	-6.97243888990349
DHCR24	-0.00224404255319149	0.0623918085106383	-0.577600829617558	0.564922414681586	0.643709813761807	-6.97287840577774
TCF7L2	0.000987021276595745	0.0308294680851064	0.57489031157928	0.566746658103306	0.644831753219762	-6.9744417307773
PLAU	-0.00361553191489361	0.12695414893617	-0.573073863112977	0.567970775295675	0.64526857311698	-6.97548530399404
BIRC5	0.00238234042553192	0.0327979787234043	0.55956314651475	0.577115852337634	0.654689770450964	-6.98314446404134
RARA	0.0073668085106383	0.147477446808511	0.556136149272896	0.579446664276108	0.656364363073822	-6.98505835627989
GFAP	-0.00272340425531918	0.893391914893617	-0.554170352094299	0.580785689508285	0.656912237912169	-6.98615093352251
KLK10	-0.00728148936170215	0.124222021276596	-0.536028074973623	0.593212442684778	0.669981111738103	-6.99605284586114
CDH1	0.00546319148936171	0.217396489361702	0.534066516475663	0.594563415943353	0.670520856746689	-6.99710382994846
MAF	0.00528787234042554	0.143907127659574	0.532061893130675	0.595945523142892	0.671094078847128	-6.99817393121765
HLF	0.00449574468085107	0.0497723404255319	0.517868285174324	0.605773728457929	0.68040228363054	-7.0056362794979
ERCC3	0.00351361702127673	0.926135957446809	0.517566803368746	0.60598328385845	0.68040228363054	-7.00579260928449
KRAS	0.00689085106382981	0.660905	0.488514066689563	0.626329906472962	0.70222097543246	-7.02043279385476
PKD2	0.00186957446808511	0.0734460638297872	0.484130897471597	0.629425366677119	0.704662801177882	-7.02256852839974
AKT1	0.0032568085106383	0.0828443617021277	0.474530276537279	0.636228569404544	0.711242418198966	-7.0271795860699
SNRPN	-0.00769702127659576	0.835636808510638	-0.461031596311739	0.645846886806064	0.720945362016072	-7.03350735814026
FGFR1	-0.00367234042553192	0.110371489361702	-0.457832112542849	0.648135567680331	0.722450095759788	-7.03498053307417
SLC22A18	0.0121976595744681	0.697792872340426	0.430211057217688	0.668032382411771	0.743549086510493	-7.0472736418684
TSC2	0.0103570212765958	0.322484468085106	0.427089752931986	0.670296131758574	0.74498904369115	-7.04861492412414
CDKN2B	-0.00113787234042553	0.0637472340425532	-0.424803027936902	0.671956530545333	0.745755224651467	-7.04959139771096
CASP6	-0.00237808510638297	0.0888113829787234	-0.419749363774617	0.675631777051888	0.748752099243651	-7.05173088198908
SMARCA3	0.00348574468085107	0.0516718085106383	0.403659539347585	0.687385062285161	0.760679723105193	-7.0583726523783
IL10	-0.0037972340425532	0.931450957446809	-0.398724759468165	0.691005419651314	0.763585845024761	-7.06035786648392
FAS	0.0077672340425532	0.109617872340426	0.393225184686035	0.695048607286741	0.766950187350887	-7.0625416188696
KIAA1804	-0.00727787234042553	0.108806170212766	-0.379673469017587	0.705049062072677	0.77584950473626	-7.06779365840466
SFTPD	-0.00657680851063834	0.836600319148936	-0.378971398502252	0.705568585257368	0.77584950473626	-7.0680607474649
CCNC	-0.00165744680851064	0.0332168085106383	-0.378193644942496	0.706144275795112	0.77584950473626	-7.06835605329549
TM7SF3	-0.00543574468085116	0.898945106382979	-0.372146042326182	0.710626498781978	0.779658787235084	-7.07063163581115
FANCG	0.00182446808510638	0.0708775531914894	0.366769001935914	0.714620293830171	0.780989260921418	-7.07262418520437
ISL1	-0.0102746808510638	0.328365638297872	-0.366579224784233	0.714761396713022	0.780989260921418	-7.07269398193128
HDAC5	-0.0047210638297872	0.371306489361702	-0.366406392469173	0.714889909411142	0.780989260921418	-7.0727575153035
MDS1	0.00107170212765957	0.0497962765957447	0.360187182882151	0.719519758622633	0.784930645770144	-7.07502382416357
CTTN	-0.00167851063829787	0.0918618085106383	-0.348948681144979	0.727912657909489	0.792378252906106	-7.07902105628291
CTSH	0.0019236170212766	0.0543456382978723	0.348283834236011	0.728410216864207	0.792378252906106	-7.07925356566029
RRAS	0.00154489361702128	0.0448098936170213	0.340449229578289	0.73428219608835	0.7976361055104	-7.08196015822695
SMARCA4	0.000670851063829791	0.0373673404255319	0.336676323979992	0.737115628884857	0.799370353514577	-7.08324165810511
DUSP4	0.0020859574468085	0.149451914893617	0.335552404031393	0.737960391460722	0.799370353514577	-7.08362065321182
EPHA8	0.00326276595744679	0.201771595744681	0.334127163846013	0.739032095320185	0.799403731275919	-7.08409943790187
CSF3R	-0.00776000000000007	0.734174680851064	-0.318989465203698	0.750446246177598	0.809816233133267	-7.08905920239081
ACVR2B	0.000721702127659576	0.0440974468085106	0.31856497926235	0.750767132800633	0.809816233133267	-7.08919497581226
SKI	-0.00111808510638298	0.0507415957446809	-0.306000528064721	0.760284739494032	0.818932229917836	-7.09313205951695
DNMT3B	-0.00359382978723403	0.171640957446809	-0.300708651985679	0.764304508768521	0.822109051448493	-7.09474296174136
NEU1	-0.00162914893617022	0.0784413829787234	-0.297230205149885	0.76695030391551	0.823801165604352	-7.09578656025182
PCGF4	-0.00491957446808513	0.176276808510638	-0.293688785147064	0.769646836952681	0.825075938599242	-7.09683660167142
TSG101	-0.00112808510638298	0.0650834042553192	-0.292850245799258	0.770285739551636	0.825075938599242	-7.09708339160815
IGFBP6	-0.00445361702127658	0.35476170212766	-0.287187760271005	0.774604245525185	0.828546045352845	-7.09873147604321
KLF5	-0.00105361702127659	0.087693829787234	-0.270086217614606	0.787689332361385	0.841370524691994	-7.10351391991361
JAG2	0.000487021276595742	0.0379943617021277	0.262524020097107	0.793495198110065	0.846103899041785	-7.10553523967293
CCND3	0.000769574468085104	0.0562645744680851	0.261445609089534	0.794324103136884	0.846103899041785	-7.10581882166493
F2R	0.00515680851063826	0.596917765957447	0.256704595177923	0.79797100295662	0.847981808483326	-7.10705170556995
MPL	-0.00363255319148938	0.843902446808511	-0.256283192046465	0.798295374392506	0.847981808483326	-7.10716019971628
RBL2	0.00118340425531915	0.0669506382978723	0.244919062002507	0.807055981507879	0.8559000333726	-7.11001887312626
LRRK1	0.000726382978723385	0.943923191489362	0.242712165367876	0.808760171219657	0.8559000333726	-7.11055901102674
MATK	-0.00529957446808512	0.44312914893617	-0.242281297053376	0.809093000297536	0.8559000333726	-7.11066389631938
UNG	0.00168553191489362	0.0835976595744681	0.23325780805	0.816071270095377	0.862094546675722	-7.11281769642301
EPHA3	0.00199489361702129	0.11630170212766	0.225261117377021	0.82226790092073	0.867447455916375	-7.11465817521087
HRASLS	0.00149382978723404	0.0580860638297872	0.223782068420526	0.823415263112574	0.867466285419008	-7.11499155865621
AREG	0.00049404255319149	0.0493457446808511	0.218455217519907	0.827550693550872	0.870628674858999	-7.1161740727424
ZAP70	0.00365468085106385	0.758470319148936	0.215203397107785	0.830077599660057	0.872092471325477	-7.11688195944555
IL1A	-0.000548085106382979	0.962949574468085	-0.205433615565347	0.837680091971193	0.878877473543547	-7.11894493678062
CD86	0.00433787234042556	0.776097872340425	0.203763420878738	0.838981341198655	0.879041841801592	-7.11928803060017
NOTCH2	-0.000275319148936171	0.0272344680851064	-0.194089887339606	0.846526684919816	0.885739092668146	-7.12122014137109
ACVR1B	-0.000735106382978721	0.0483854255319149	-0.190506291196963	0.849325558435399	0.886943521737362	-7.12191206815744
TMEM63A	0.000641702127659569	0.0547408510638298	0.189659070191598	0.849987541664972	0.886943521737362	-7.12207376790799
PSCA	-0.00539297872340425	0.573092446808511	-0.177141180052802	0.859780777420119	0.895945233458142	-7.12437898765624
PLXDC1	0.00232787234042554	0.123077978723404	0.169071023494292	0.866106116360422	0.90131368206613	-7.12578177927271
PTPRF	0.00173914893617022	0.14698914893617	0.167256871935979	0.8675292528331	0.901573025948336	-7.1260881259963
GML	-0.00857276595744686	0.721149787234043	-0.16191632416851	0.871721235813716	0.904705282574235	-7.12697078424827
TIMP2	0.000501914893617023	0.0414701063829787	0.159911579076558	0.87329578268144	0.90503919780739	-7.12729472888034
EPHX1	-0.00423021276595747	0.643959787234043	-0.15850624585782	0.874399849964952	0.90503919780739	-7.12751941030552
SNCG	-0.00472425531914882	0.530191063829787	-0.153501711385938	0.878333549283301	0.907887168034422	-7.12830342560225
ICA1	-0.000345744680851073	0.0501979787234043	-0.124423555788457	0.901247108981714	0.929734431158112	-7.13236143084381
LIMK1	-0.00167170212765962	0.889610531914894	-0.121824065411506	0.903299876830155	0.929734431158112	-7.13268286968644
MAP3K8	0.00384914893617024	0.594398829787234	0.119253333232831	0.905330581093126	0.929734431158112	-7.13299408028046
TNFRSF10B	-0.000591063829787232	0.0880153191489362	-0.118322480117346	0.906066047859933	0.929734431158112	-7.13310513228159
MXI1	-0.00255914893617021	0.699222553191489	-0.118243062843953	0.906128799222849	0.929734431158112	-7.1331145665891
MAP2K6	-0.00210914893617022	0.125658829787234	-0.117478194205105	0.906733188720607	0.929734431158112	-7.13320510432634
IFNGR2	0.000683617021276596	0.107380106382979	0.112316821689081	0.910813056929713	0.932377661609762	-7.13380070205992
FANCF	-0.000301489361702121	0.0438303191489362	-0.11114573423469	0.911739093579338	0.932377661609762	-7.13393211698765
CCKAR	-0.00261723404255314	0.782675212765957	-0.102453821903006	0.918615940122308	0.938160960124911	-7.13486445039061
PTK2	0.000250851063829787	0.0506756382978723	0.0932674523542859	0.925890709311189	0.943108611431926	-7.13576736368791
MSH2	0.00148765957446809	0.728765319148936	0.0930768708363551	0.926041701390401	0.943108611431926	-7.1357851983685
FHIT	0.00016914893617021	0.040016914893617	0.091684984458545	0.927144533373834	0.943108611431926	-7.13591434562073
CDKN2A	-0.00031531914893617	0.0726793617021277	-0.0840693957183836	0.933181047099803	0.947993444672816	-7.13658652075284
GPR116	-0.000464468085106398	0.931039680851064	-0.0799869117707901	0.93641866828815	0.950025808778466	-7.13692287344847
ETS2	0.000935744680851059	0.0771951063829787	0.0735504047786505	0.941525301085512	0.952714635750397	-7.13741917491779
KCNQ1	0.000453617021276593	0.104239361702128	0.0720152603682681	0.942743631668058	0.952714635750397	-7.13753140063422
LMTK2	0.000913617021276578	0.599826808510638	0.0719561764272509	0.94279052496133	0.952714635750397	-7.13753567262728
IGFBP1	-0.00226617021276597	0.563778617021277	-0.0697604797545646	0.944533330277014	0.953221547506895	-7.13769194374966
IGF1	0.0013104255319149	0.640286276595745	0.0527905835137572	0.958011423113837	0.965554820146229	-7.13873639301734
INSR	-0.000563617021276587	0.175173510638298	-0.0488972377261095	0.961105519828579	0.967403721138072	-7.13893522616375
TUBB3	0.000928085106382965	0.216882553191489	0.0334714111261159	0.973370034849607	0.978466213042537	-7.13957335908131
SMARCB1	-0.000671489361702075	0.33508	-0.0276228692845411	0.978021831407099	0.981857211138107	-7.13975281290687
CRIP1	-0.000258510638297945	0.639260319148936	-0.0170191624222764	0.986457603567499	0.989033210887519	-7.13999055614421
HIF1A	-2.89361702127621e-05	0.0675627659574468	-0.00766280367501009	0.993902357860941	0.995198188835988	-7.14010653925973
ITPR3	-8.51063829787125e-06	0.0293014893617021	-0.00409243820741105	0.99674343737	0.99674343737	-7.14012761840683
